rank,name,noc,starting_number,tss,tes,tpcs,deductions,base_value,element,element_no,event,extra_points,factor,final_score,goe,info,is_element,program_component,year,J1,J2,J3,J4,J5,J6,J7,J8,J9,is_short_program,category,event_type
1,Kao Miura,JPN,9,177.09,94.6,83.49,-1.0,12.8,3A+1Eu+3S,1.0,gpcan2023,0.0,,15.31,2.51,,1,,2324,4.0,3.0,3.0,3.0,3.0,2.0,3.0,4.0,3.0,0,men,individual
1,Kao Miura,JPN,9,177.09,94.6,83.49,-1.0,9.5,4T,2.0,gpcan2023,0.0,,10.18,0.68,,1,,2324,2.0,1.0,1.0,1.0,0.0,0.0,1.0,0.0,1.0,0,men,individual
1,Kao Miura,JPN,9,177.09,94.6,83.49,-1.0,9.7,4S,3.0,gpcan2023,0.0,,12.61,2.91,,1,,2324,3.0,3.0,3.0,3.0,3.0,2.0,3.0,3.0,4.0,0,men,individual
1,Kao Miura,JPN,9,177.09,94.6,83.49,-1.0,3.2,FCSp4,4.0,gpcan2023,0.0,,3.79,0.59,,1,,2324,2.0,1.0,2.0,2.0,2.0,2.0,1.0,2.0,2.0,0,men,individual
1,Kao Miura,JPN,9,177.09,94.6,83.49,-1.0,8.0,3A,5.0,gpcan2023,0.0,,4.0,-4.0,F,1,,2324,-5.0,-5.0,-5.0,-5.0,-5.0,-5.0,-5.0,-5.0,-5.0,0,men,individual
1,Kao Miura,JPN,9,177.09,94.6,83.49,-1.0,3.9,StSq4,6.0,gpcan2023,0.0,,4.68,0.78,,1,,2324,2.0,2.0,2.0,2.0,2.0,2.0,2.0,3.0,2.0,0,men,individual
1,Kao Miura,JPN,9,177.09,94.6,83.49,-1.0,15.07,4T+3T,7.0,gpcan2023,1.0,,16.83,1.76,,1,,2324,3.0,2.0,2.0,1.0,1.0,2.0,2.0,2.0,2.0,0,men,individual
1,Kao Miura,JPN,9,177.09,94.6,83.49,-1.0,9.02,3Lo+2A+SEQ,8.0,gpcan2023,1.0,,9.93,0.91,,1,,2324,2.0,2.0,3.0,1.0,2.0,2.0,2.0,2.0,1.0,0,men,individual
1,Kao Miura,JPN,9,177.09,94.6,83.49,-1.0,5.83,3F,9.0,gpcan2023,1.0,,6.97,1.14,,1,,2324,2.0,3.0,3.0,2.0,2.0,2.0,2.0,1.0,2.0,0,men,individual
1,Kao Miura,JPN,9,177.09,94.6,83.49,-1.0,2.6,CSSp3,10.0,gpcan2023,0.0,,2.82,0.22,,1,,2324,1.0,2.0,1.0,0.0,0.0,1.0,1.0,1.0,1.0,0,men,individual
1,Kao Miura,JPN,9,177.09,94.6,83.49,-1.0,3.0,ChSq1,11.0,gpcan2023,0.0,,4.36,1.36,,1,,2324,3.0,2.0,3.0,2.0,1.0,4.0,2.0,3.0,4.0,0,men,individual
1,Kao Miura,JPN,9,177.09,94.6,83.49,-1.0,2.63,CCoSp4V,12.0,gpcan2023,0.0,,3.12,0.49,,1,,2324,3.0,1.0,3.0,2.0,2.0,1.0,2.0,0.0,2.0,0,men,individual
1,Kao Miura,JPN,9,177.09,94.6,83.49,-1.0,,,,gpcan2023,,3.33,8.32,,,0,Composition,2324,8.25,8.5,8.5,8.5,8.25,7.25,8.0,8.5,8.25,0,men,individual
1,Kao Miura,JPN,9,177.09,94.6,83.49,-1.0,,,,gpcan2023,,3.33,8.46,,,0,Skating Skills,2324,8.5,8.5,8.5,8.5,8.5,8.5,8.0,8.25,8.5,0,men,individual
2,Matteo Rizzo,ITA,5,171.02,90.14,80.88,0.0,9.5,4T,1.0,gpcan2023,0.0,,12.21,2.71,,1,,2324,3.0,1.0,3.0,3.0,3.0,2.0,3.0,3.0,3.0,0,men,individual
2,Matteo Rizzo,ITA,5,171.02,90.14,80.88,0.0,10.5,4Lo,2.0,gpcan2023,0.0,,12.6,2.1,,1,,2324,2.0,1.0,3.0,2.0,2.0,2.0,2.0,2.0,2.0,0,men,individual
2,Matteo Rizzo,ITA,5,171.02,90.14,80.88,0.0,10.1,3F+1Eu+3S,3.0,gpcan2023,0.0,,11.24,1.14,,1,,2324,2.0,1.0,2.0,2.0,2.0,3.0,2.0,3.0,2.0,0,men,individual
2,Matteo Rizzo,ITA,5,171.02,90.14,80.88,0.0,7.2,3Lz+2T,4.0,gpcan2023,0.0,,8.04,0.84,,1,,2324,2.0,1.0,2.0,2.0,1.0,1.0,0.0,2.0,1.0,0,men,individual
2,Matteo Rizzo,ITA,5,171.02,90.14,80.88,0.0,3.5,CCoSp4,5.0,gpcan2023,0.0,,4.35,0.85,,1,,2324,3.0,2.0,2.0,4.0,2.0,2.0,2.0,3.0,3.0,0,men,individual
2,Matteo Rizzo,ITA,5,171.02,90.14,80.88,0.0,3.0,ChSq1,6.0,gpcan2023,0.0,,3.71,0.71,,1,,2324,2.0,0.0,1.0,3.0,2.0,1.0,1.0,2.0,1.0,0,men,individual
2,Matteo Rizzo,ITA,5,171.02,90.14,80.88,0.0,12.43,3A+2A+SEQ,7.0,gpcan2023,1.0,,14.03,1.6,,1,,2324,2.0,2.0,2.0,2.0,2.0,2.0,2.0,3.0,2.0,0,men,individual
2,Matteo Rizzo,ITA,5,171.02,90.14,80.88,0.0,6.49,3Lz,8.0,gpcan2023,1.0,,7.16,0.67,,1,,2324,2.0,0.0,1.0,2.0,2.0,0.0,0.0,2.0,1.0,0,men,individual
2,Matteo Rizzo,ITA,5,171.02,90.14,80.88,0.0,8.8,3A,9.0,gpcan2023,1.0,,6.17,-2.63,,1,,2324,-4.0,-4.0,-3.0,2.0,-3.0,-3.0,-4.0,-3.0,-3.0,0,men,individual
2,Matteo Rizzo,ITA,5,171.02,90.14,80.88,0.0,3.3,StSq3,10.0,gpcan2023,0.0,,4.01,0.71,,1,,2324,2.0,2.0,2.0,2.0,3.0,2.0,3.0,2.0,2.0,0,men,individual
2,Matteo Rizzo,ITA,5,171.02,90.14,80.88,0.0,2.8,CCSp3,11.0,gpcan2023,0.0,,3.32,0.52,,1,,2324,2.0,1.0,2.0,1.0,2.0,2.0,2.0,2.0,2.0,0,men,individual
2,Matteo Rizzo,ITA,5,171.02,90.14,80.88,0.0,3.0,FSSp4,12.0,gpcan2023,0.0,,3.3,0.3,,1,,2324,0.0,1.0,1.0,0.0,2.0,1.0,1.0,2.0,1.0,0,men,individual
2,Matteo Rizzo,ITA,5,171.02,90.14,80.88,0.0,,,,gpcan2023,,3.33,8.04,,,0,Composition,2324,7.5,8.25,8.5,8.5,8.25,7.5,8.0,7.75,8.0,0,men,individual
2,Matteo Rizzo,ITA,5,171.02,90.14,80.88,0.0,,,,gpcan2023,,3.33,8.07,,,0,Skating Skills,2324,7.75,8.5,8.25,8.5,8.25,7.75,8.0,8.0,7.75,0,men,individual
3,Sota Yamamoto,JPN,12,168.86,86.04,83.82,-1.0,9.7,4S,1.0,gpcan2023,0.0,,12.61,2.91,,1,,2324,3.0,3.0,3.0,3.0,3.0,2.0,3.0,3.0,3.0,0,men,individual
3,Sota Yamamoto,JPN,12,168.86,86.04,83.82,-1.0,13.7,4T+3T,2.0,gpcan2023,0.0,,16.01,2.31,,1,,2324,3.0,2.0,3.0,3.0,2.0,1.0,3.0,2.0,2.0,0,men,individual
3,Sota Yamamoto,JPN,12,168.86,86.04,83.82,-1.0,9.5,4T,3.0,gpcan2023,0.0,,12.35,2.85,,1,,2324,3.0,3.0,2.0,3.0,3.0,3.0,3.0,3.0,3.0,0,men,individual
3,Sota Yamamoto,JPN,12,168.86,86.04,83.82,-1.0,6.4,3A<,4.0,gpcan2023,0.0,,3.2,-3.2,F,1,,2324,-5.0,-5.0,-5.0,-5.0,-5.0,-5.0,-5.0,-5.0,-5.0,0,men,individual
3,Sota Yamamoto,JPN,12,168.86,86.04,83.82,-1.0,3.2,FCSp4,5.0,gpcan2023,0.0,,3.7,0.5,,1,,2324,2.0,2.0,2.0,1.0,2.0,1.0,0.0,2.0,1.0,0,men,individual
3,Sota Yamamoto,JPN,12,168.86,86.04,83.82,-1.0,6.16,3A+REP,6.0,gpcan2023,1.0,,3.42,-2.74,,1,,2324,-4.0,-3.0,-4.0,-4.0,-4.0,-3.0,-3.0,-3.0,-3.0,0,men,individual
3,Sota Yamamoto,JPN,12,168.86,86.04,83.82,-1.0,3.0,ChSq1,7.0,gpcan2023,0.0,,4.0,1.0,,1,,2324,2.0,2.0,2.0,2.0,2.0,2.0,2.0,3.0,2.0,0,men,individual
3,Sota Yamamoto,JPN,12,168.86,86.04,83.82,-1.0,11.11,3F+1Eu+3S,8.0,gpcan2023,1.0,,11.94,0.83,,1,,2324,2.0,1.0,1.0,2.0,2.0,2.0,1.0,1.0,2.0,0,men,individual
3,Sota Yamamoto,JPN,12,168.86,86.04,83.82,-1.0,6.49,3Lz!,9.0,gpcan2023,1.0,,6.32,-0.17,!,1,,2324,-1.0,0.0,0.0,1.0,0.0,-1.0,-1.0,0.0,0.0,0,men,individual
3,Sota Yamamoto,JPN,12,168.86,86.04,83.82,-1.0,3.0,CSSp4,10.0,gpcan2023,0.0,,3.9,0.9,,1,,2324,3.0,3.0,3.0,3.0,3.0,3.0,3.0,3.0,3.0,0,men,individual
3,Sota Yamamoto,JPN,12,168.86,86.04,83.82,-1.0,3.3,StSq3,11.0,gpcan2023,0.0,,4.29,0.99,,1,,2324,3.0,3.0,2.0,3.0,3.0,3.0,3.0,3.0,3.0,0,men,individual
3,Sota Yamamoto,JPN,12,168.86,86.04,83.82,-1.0,3.5,CCoSp4,12.0,gpcan2023,0.0,,4.3,0.8,,1,,2324,2.0,2.0,3.0,2.0,3.0,2.0,2.0,2.0,3.0,0,men,individual
3,Sota Yamamoto,JPN,12,168.86,86.04,83.82,-1.0,,,,gpcan2023,,3.33,8.39,,,0,Composition,2324,8.0,8.75,8.5,8.75,8.5,7.25,8.25,8.75,8.0,0,men,individual
3,Sota Yamamoto,JPN,12,168.86,86.04,83.82,-1.0,,,,gpcan2023,,3.33,8.39,,,0,Skating Skills,2324,8.25,8.5,8.75,8.25,8.5,7.75,8.5,8.5,8.25,0,men,individual
4,Kazuki Tomono,JPN,10,163.49,81.9,81.59,0.0,10.8,4T+2T,1.0,gpcan2023,0.0,,9.99,-0.81,,1,,2324,-1.0,0.0,1.0,0.0,-1.0,-2.0,-1.0,-1.0,-2.0,0,men,individual
4,Kazuki Tomono,JPN,10,163.49,81.9,81.59,0.0,9.5,4T,2.0,gpcan2023,0.0,,6.79,-2.71,,1,,2324,-3.0,-2.0,-2.0,-3.0,-3.0,-3.0,-3.0,-3.0,-3.0,0,men,individual
4,Kazuki Tomono,JPN,10,163.49,81.9,81.59,0.0,9.7,4Sq,3.0,gpcan2023,0.0,,7.62,-2.08,q,1,,2324,-3.0,-2.0,-2.0,-2.0,-2.0,-2.0,-3.0,-2.0,-2.0,0,men,individual
4,Kazuki Tomono,JPN,10,163.49,81.9,81.59,0.0,4.9,3Lo,4.0,gpcan2023,0.0,,5.88,0.98,,1,,2324,2.0,2.0,2.0,2.0,2.0,2.0,2.0,1.0,2.0,0,men,individual
4,Kazuki Tomono,JPN,10,163.49,81.9,81.59,0.0,3.2,FCSp4,5.0,gpcan2023,0.0,,3.38,0.18,,1,,2324,1.0,3.0,1.0,-1.0,0.0,1.0,1.0,-1.0,1.0,0,men,individual
4,Kazuki Tomono,JPN,10,163.49,81.9,81.59,0.0,12.32,3A<+1Eu+3S,6.0,gpcan2023,1.0,,11.04,-1.28,<,1,,2324,-1.0,-3.0,-2.0,-2.0,-2.0,-2.0,-2.0,-2.0,-2.0,0,men,individual
4,Kazuki Tomono,JPN,10,163.49,81.9,81.59,0.0,9.46,3F+2A+SEQ,7.0,gpcan2023,1.0,,10.22,0.76,,1,,2324,2.0,2.0,2.0,1.0,1.0,1.0,1.0,0.0,2.0,0,men,individual
4,Kazuki Tomono,JPN,10,163.49,81.9,81.59,0.0,8.8,3A,8.0,gpcan2023,1.0,,10.51,1.71,,1,,2324,3.0,2.0,3.0,2.0,2.0,1.0,2.0,2.0,2.0,0,men,individual
4,Kazuki Tomono,JPN,10,163.49,81.9,81.59,0.0,3.3,StSq3,9.0,gpcan2023,0.0,,4.15,0.85,,1,,2324,3.0,3.0,3.0,3.0,2.0,2.0,2.0,3.0,2.0,0,men,individual
4,Kazuki Tomono,JPN,10,163.49,81.9,81.59,0.0,3.0,CSSp4,10.0,gpcan2023,0.0,,3.51,0.51,,1,,2324,2.0,2.0,3.0,1.0,1.0,1.0,2.0,2.0,2.0,0,men,individual
4,Kazuki Tomono,JPN,10,163.49,81.9,81.59,0.0,3.0,ChSq1,11.0,gpcan2023,0.0,,4.21,1.21,,1,,2324,3.0,3.0,4.0,2.0,2.0,2.0,2.0,2.0,3.0,0,men,individual
4,Kazuki Tomono,JPN,10,163.49,81.9,81.59,0.0,3.5,CCoSp4,12.0,gpcan2023,0.0,,4.6,1.1,,1,,2324,4.0,3.0,3.0,3.0,3.0,2.0,3.0,3.0,4.0,0,men,individual
4,Kazuki Tomono,JPN,10,163.49,81.9,81.59,0.0,,,,gpcan2023,,3.33,8.18,,,0,Composition,2324,8.25,8.0,9.0,8.25,8.0,8.25,8.25,8.25,8.0,0,men,individual
4,Kazuki Tomono,JPN,10,163.49,81.9,81.59,0.0,,,,gpcan2023,,3.33,8.18,,,0,Skating Skills,2324,8.25,8.75,9.0,8.0,8.0,7.75,8.0,8.0,8.25,0,men,individual
5,Mikhail Shaidorov,KAZ,8,162.47,88.47,74.0,0.0,11.5,4Lzq,1.0,gpcan2023,0.0,,11.17,-0.33,q,1,,2324,-1.0,0.0,-1.0,3.0,0.0,-1.0,-2.0,0.0,1.0,0,men,individual
5,Mikhail Shaidorov,KAZ,8,162.47,88.47,74.0,0.0,8.0,3A,2.0,gpcan2023,0.0,,9.6,1.6,,1,,2324,2.0,2.0,2.0,2.0,2.0,2.0,2.0,2.0,2.0,0,men,individual
5,Mikhail Shaidorov,KAZ,8,162.47,88.47,74.0,0.0,13.7,4T+3T,3.0,gpcan2023,0.0,,15.19,1.49,,1,,2324,2.0,1.0,1.0,2.0,1.0,2.0,2.0,1.0,2.0,0,men,individual
5,Mikhail Shaidorov,KAZ,8,162.47,88.47,74.0,0.0,3.0,ChSq1,4.0,gpcan2023,0.0,,3.36,0.36,,1,,2324,1.0,0.0,1.0,0.0,0.0,1.0,1.0,2.0,1.0,0,men,individual
5,Mikhail Shaidorov,KAZ,8,162.47,88.47,74.0,0.0,5.3,3F!,5.0,gpcan2023,0.0,,5.3,0.0,!,1,,2324,0.0,-1.0,0.0,0.0,0.0,0.0,0.0,0.0,1.0,0,men,individual
5,Mikhail Shaidorov,KAZ,8,162.47,88.47,74.0,0.0,3.5,FCCoSp4,6.0,gpcan2023,0.0,,3.9,0.4,,1,,2324,1.0,0.0,1.0,1.0,2.0,2.0,1.0,1.0,1.0,0,men,individual
5,Mikhail Shaidorov,KAZ,8,162.47,88.47,74.0,0.0,11.77,3Lz+1Eu+3Sq,7.0,gpcan2023,1.0,,11.1,-0.67,q,1,,2324,-1.0,-2.0,-1.0,-1.0,-1.0,-1.0,-2.0,0.0,-1.0,0,men,individual
5,Mikhail Shaidorov,KAZ,8,162.47,88.47,74.0,0.0,12.43,3Aq+2A+SEQ,8.0,gpcan2023,1.0,,11.86,-0.57,q,1,,2324,-2.0,-1.0,-1.0,2.0,-1.0,-1.0,0.0,0.0,-1.0,0,men,individual
5,Mikhail Shaidorov,KAZ,8,162.47,88.47,74.0,0.0,6.49,3Lz,9.0,gpcan2023,1.0,,7.42,0.93,,1,,2324,1.0,1.0,1.0,2.0,2.0,2.0,2.0,1.0,2.0,0,men,individual
5,Mikhail Shaidorov,KAZ,8,162.47,88.47,74.0,0.0,2.6,FCSSp3,10.0,gpcan2023,0.0,,3.12,0.52,,1,,2324,2.0,2.0,2.0,2.0,2.0,2.0,2.0,2.0,1.0,0,men,individual
5,Mikhail Shaidorov,KAZ,8,162.47,88.47,74.0,0.0,3.3,StSq3,11.0,gpcan2023,0.0,,3.63,0.33,,1,,2324,0.0,0.0,1.0,1.0,1.0,2.0,1.0,2.0,1.0,0,men,individual
5,Mikhail Shaidorov,KAZ,8,162.47,88.47,74.0,0.0,2.5,CCoSp2,12.0,gpcan2023,0.0,,2.82,0.32,,1,,2324,1.0,1.0,1.0,1.0,1.0,2.0,2.0,3.0,1.0,0,men,individual
5,Mikhail Shaidorov,KAZ,8,162.47,88.47,74.0,0.0,,,,gpcan2023,,3.33,7.54,,,0,Composition,2324,6.5,7.25,7.5,7.75,7.5,7.75,7.75,7.5,7.5,0,men,individual
5,Mikhail Shaidorov,KAZ,8,162.47,88.47,74.0,0.0,,,,gpcan2023,,3.33,7.36,,,0,Skating Skills,2324,6.75,7.0,7.0,7.5,7.5,7.5,7.5,7.5,7.75,0,men,individual
6,Mark Gorodnitsky,ISR,2,154.66,81.2,73.46,0.0,8.0,3A,1.0,gpcan2023,0.0,,9.71,1.71,,1,,2324,2.0,2.0,3.0,2.0,2.0,2.0,2.0,3.0,2.0,0,men,individual
6,Mark Gorodnitsky,ISR,2,154.66,81.2,73.46,0.0,11.3,3A+2A+SEQ,2.0,gpcan2023,0.0,,12.9,1.6,,1,,2324,2.0,2.0,3.0,2.0,2.0,2.0,2.0,2.0,1.0,0,men,individual
6,Mark Gorodnitsky,ISR,2,154.66,81.2,73.46,0.0,5.9,3Lz,3.0,gpcan2023,0.0,,7.08,1.18,,1,,2324,2.0,2.0,3.0,2.0,2.0,2.0,2.0,2.0,2.0,0,men,individual
6,Mark Gorodnitsky,ISR,2,154.66,81.2,73.46,0.0,9.5,3F+3T,4.0,gpcan2023,0.0,,9.95,0.45,,1,,2324,1.0,1.0,2.0,1.0,1.0,1.0,0.0,0.0,1.0,0,men,individual
6,Mark Gorodnitsky,ISR,2,154.66,81.2,73.46,0.0,3.5,FCCoSp4,5.0,gpcan2023,0.0,,3.9,0.4,,1,,2324,1.0,1.0,2.0,0.0,1.0,1.0,1.0,2.0,1.0,0,men,individual
6,Mark Gorodnitsky,ISR,2,154.66,81.2,73.46,0.0,2.6,CSSp3,6.0,gpcan2023,0.0,,3.05,0.45,,1,,2324,2.0,0.0,2.0,2.0,1.0,2.0,1.0,2.0,2.0,0,men,individual
6,Mark Gorodnitsky,ISR,2,154.66,81.2,73.46,0.0,8.91,2A+1Eu+3S,7.0,gpcan2023,1.0,,9.83,0.92,,1,,2324,3.0,2.0,3.0,2.0,1.0,2.0,2.0,2.0,2.0,0,men,individual
6,Mark Gorodnitsky,ISR,2,154.66,81.2,73.46,0.0,5.83,3F,8.0,gpcan2023,1.0,,7.04,1.21,,1,,2324,2.0,2.0,3.0,3.0,2.0,2.0,2.0,3.0,1.0,0,men,individual
6,Mark Gorodnitsky,ISR,2,154.66,81.2,73.46,0.0,5.39,3Lo,9.0,gpcan2023,1.0,,5.95,0.56,,1,,2324,1.0,1.0,2.0,1.0,1.0,2.0,1.0,1.0,1.0,0,men,individual
6,Mark Gorodnitsky,ISR,2,154.66,81.2,73.46,0.0,3.0,CCoSp3,10.0,gpcan2023,0.0,,3.34,0.34,,1,,2324,1.0,1.0,1.0,1.0,1.0,1.0,1.0,2.0,2.0,0,men,individual
6,Mark Gorodnitsky,ISR,2,154.66,81.2,73.46,0.0,3.0,ChSq1,11.0,gpcan2023,0.0,,3.71,0.71,,1,,2324,2.0,1.0,3.0,2.0,2.0,1.0,1.0,1.0,1.0,0,men,individual
6,Mark Gorodnitsky,ISR,2,154.66,81.2,73.46,0.0,3.9,StSq4,12.0,gpcan2023,0.0,,4.74,0.84,,1,,2324,1.0,1.0,2.0,3.0,2.0,3.0,2.0,3.0,2.0,0,men,individual
6,Mark Gorodnitsky,ISR,2,154.66,81.2,73.46,0.0,,,,gpcan2023,,3.33,7.21,,,0,Composition,2324,7.0,7.25,7.75,7.5,7.25,6.75,7.25,7.25,7.0,0,men,individual
6,Mark Gorodnitsky,ISR,2,154.66,81.2,73.46,0.0,,,,gpcan2023,,3.33,7.46,,,0,Skating Skills,2324,7.5,7.5,7.5,7.75,7.5,7.25,7.25,7.5,7.5,0,men,individual
7,Liam Kapeikis,USA,3,148.56,75.36,74.2,-1.0,9.7,4S,1.0,gpcan2023,0.0,,4.85,-4.85,F,1,,2324,-5.0,-5.0,-5.0,-5.0,-5.0,-5.0,-5.0,-5.0,-5.0,0,men,individual
7,Liam Kapeikis,USA,3,148.56,75.36,74.2,-1.0,8.0,3A,2.0,gpcan2023,0.0,,10.4,2.4,,1,,2324,3.0,3.0,3.0,3.0,3.0,3.0,3.0,2.0,3.0,0,men,individual
7,Liam Kapeikis,USA,3,148.56,75.36,74.2,-1.0,12.8,3A+1Eu+3S,3.0,gpcan2023,0.0,,12.91,0.11,,1,,2324,1.0,1.0,-1.0,1.0,1.0,0.0,-1.0,-1.0,0.0,0,men,individual
7,Liam Kapeikis,USA,3,148.56,75.36,74.2,-1.0,7.2,3Lz+2T,4.0,gpcan2023,0.0,,7.37,0.17,,1,,2324,1.0,0.0,1.0,1.0,1.0,-1.0,-1.0,0.0,0.0,0,men,individual
7,Liam Kapeikis,USA,3,148.56,75.36,74.2,-1.0,3.5,FCCoSp4,5.0,gpcan2023,0.0,,4.25,0.75,,1,,2324,3.0,2.0,3.0,2.0,2.0,2.0,2.0,2.0,2.0,0,men,individual
7,Liam Kapeikis,USA,3,148.56,75.36,74.2,-1.0,9.46,3F+2A+SEQ,6.0,gpcan2023,1.0,,10.44,0.98,,1,,2324,2.0,0.0,2.0,3.0,2.0,1.0,2.0,2.0,2.0,0,men,individual
7,Liam Kapeikis,USA,3,148.56,75.36,74.2,-1.0,5.83,3F,7.0,gpcan2023,1.0,,3.94,-1.89,,1,,2324,-4.0,-3.0,-4.0,-4.0,-3.0,-3.0,-5.0,-3.0,-4.0,0,men,individual
7,Liam Kapeikis,USA,3,148.56,75.36,74.2,-1.0,5.39,3Lo,8.0,gpcan2023,1.0,,5.88,0.49,,1,,2324,1.0,1.0,1.0,1.0,2.0,1.0,1.0,1.0,1.0,0,men,individual
7,Liam Kapeikis,USA,3,148.56,75.36,74.2,-1.0,3.3,StSq3,9.0,gpcan2023,0.0,,3.77,0.47,,1,,2324,2.0,2.0,1.0,2.0,2.0,1.0,1.0,1.0,1.0,0,men,individual
7,Liam Kapeikis,USA,3,148.56,75.36,74.2,-1.0,3.5,CCoSp4,10.0,gpcan2023,0.0,,4.2,0.7,,1,,2324,3.0,1.0,2.0,2.0,2.0,2.0,2.0,2.0,2.0,0,men,individual
7,Liam Kapeikis,USA,3,148.56,75.36,74.2,-1.0,3.0,ChSq1,11.0,gpcan2023,0.0,,4.14,1.14,,1,,2324,2.0,2.0,3.0,3.0,2.0,3.0,2.0,2.0,2.0,0,men,individual
7,Liam Kapeikis,USA,3,148.56,75.36,74.2,-1.0,3.0,FSSp4,12.0,gpcan2023,0.0,,3.21,0.21,,1,,2324,1.0,1.0,1.0,1.0,1.0,1.0,0.0,0.0,0.0,0,men,individual
7,Liam Kapeikis,USA,3,148.56,75.36,74.2,-1.0,,,,gpcan2023,,3.33,7.46,,,0,Composition,2324,7.5,7.5,7.75,8.0,7.75,6.75,7.25,7.0,7.5,0,men,individual
7,Liam Kapeikis,USA,3,148.56,75.36,74.2,-1.0,,,,gpcan2023,,3.33,7.5,,,0,Skating Skills,2324,7.75,7.75,7.5,8.0,7.75,6.75,7.25,7.0,7.5,0,men,individual
8,Wesley Chiu,CAN,6,144.6,73.27,72.33,-1.0,9.5,3F+3T,1.0,gpcan2023,0.0,,10.64,1.14,,1,,2324,2.0,1.0,3.0,2.0,2.0,2.0,2.0,3.0,2.0,0,men,individual
8,Wesley Chiu,CAN,6,144.6,73.27,72.33,-1.0,13.7,4T+3T,2.0,gpcan2023,0.0,,11.8,-1.9,,1,,2324,-2.0,-3.0,-2.0,-2.0,-3.0,-1.0,-3.0,-1.0,-1.0,0,men,individual
8,Wesley Chiu,CAN,6,144.6,73.27,72.33,-1.0,9.7,4Sq,3.0,gpcan2023,0.0,,4.85,-4.85,F,1,,2324,-5.0,-5.0,-5.0,-5.0,-5.0,-5.0,-5.0,-5.0,-5.0,0,men,individual
8,Wesley Chiu,CAN,6,144.6,73.27,72.33,-1.0,4.9,3Lo,4.0,gpcan2023,0.0,,5.81,0.91,,1,,2324,2.0,2.0,2.0,2.0,2.0,2.0,1.0,2.0,1.0,0,men,individual
8,Wesley Chiu,CAN,6,144.6,73.27,72.33,-1.0,2.6,FSSp3,5.0,gpcan2023,0.0,,2.86,0.26,,1,,2324,2.0,1.0,1.0,1.0,0.0,2.0,0.0,2.0,-1.0,0,men,individual
8,Wesley Chiu,CAN,6,144.6,73.27,72.33,-1.0,8.8,3A,6.0,gpcan2023,1.0,,6.06,-2.74,,1,,2324,-4.0,-3.0,-4.0,-4.0,-3.0,-3.0,-4.0,-3.0,-3.0,0,men,individual
8,Wesley Chiu,CAN,6,144.6,73.27,72.33,-1.0,11.77,3Lz+1Eu+3S,7.0,gpcan2023,1.0,,10.59,-1.18,,1,,2324,-2.0,-2.0,-2.0,-3.0,-4.0,-1.0,-2.0,-2.0,0.0,0,men,individual
8,Wesley Chiu,CAN,6,144.6,73.27,72.33,-1.0,6.49,3Lz,8.0,gpcan2023,1.0,,6.66,0.17,,1,,2324,0.0,0.0,0.0,-1.0,0.0,1.0,0.0,1.0,1.0,0,men,individual
8,Wesley Chiu,CAN,6,144.6,73.27,72.33,-1.0,3.0,ChSq1,9.0,gpcan2023,0.0,,3.29,0.29,,1,,2324,1.0,0.0,2.0,0.0,0.0,0.0,0.0,1.0,2.0,0,men,individual
8,Wesley Chiu,CAN,6,144.6,73.27,72.33,-1.0,3.5,FCCoSp4,10.0,gpcan2023,0.0,,3.65,0.15,,1,,2324,0.0,0.0,1.0,-1.0,1.0,1.0,-1.0,1.0,1.0,0,men,individual
8,Wesley Chiu,CAN,6,144.6,73.27,72.33,-1.0,3.3,StSq3,11.0,gpcan2023,0.0,,3.63,0.33,,1,,2324,1.0,1.0,1.0,1.0,1.0,1.0,1.0,1.0,2.0,0,men,individual
8,Wesley Chiu,CAN,6,144.6,73.27,72.33,-1.0,3.0,CCoSp3,12.0,gpcan2023,0.0,,3.43,0.43,,1,,2324,2.0,1.0,2.0,1.0,1.0,1.0,1.0,2.0,2.0,0,men,individual
8,Wesley Chiu,CAN,6,144.6,73.27,72.33,-1.0,,,,gpcan2023,,3.33,7.39,,,0,Composition,2324,7.25,7.5,7.5,7.5,7.0,7.25,7.25,7.5,7.5,0,men,individual
8,Wesley Chiu,CAN,6,144.6,73.27,72.33,-1.0,,,,gpcan2023,,3.33,7.29,,,0,Skating Skills,2324,7.5,7.75,7.5,6.75,6.75,7.25,7.25,7.5,7.25,0,men,individual
9,Mihhail Selevko,EST,1,140.6,68.86,71.74,0.0,9.5,4T,1.0,gpcan2023,0.0,,10.86,1.36,,1,,2324,2.0,1.0,2.0,0.0,2.0,2.0,2.0,0.0,1.0,0,men,individual
9,Mihhail Selevko,EST,1,140.6,68.86,71.74,0.0,9.7,4S,2.0,gpcan2023,0.0,,11.22,1.52,,1,,2324,2.0,2.0,1.0,1.0,1.0,2.0,2.0,1.0,2.0,0,men,individual
9,Mihhail Selevko,EST,1,140.6,68.86,71.74,0.0,4.9,3Lo,3.0,gpcan2023,0.0,,5.53,0.63,,1,,2324,1.0,2.0,1.0,1.0,2.0,1.0,2.0,1.0,1.0,0,men,individual
9,Mihhail Selevko,EST,1,140.6,68.86,71.74,0.0,12.2,3A+3T,4.0,gpcan2023,0.0,,12.89,0.69,,1,,2324,2.0,1.0,1.0,2.0,0.0,1.0,1.0,0.0,0.0,0,men,individual
9,Mihhail Selevko,EST,1,140.6,68.86,71.74,0.0,3.5,FCCoSp4,5.0,gpcan2023,0.0,,4.15,0.65,,1,,2324,2.0,1.0,2.0,2.0,2.0,2.0,1.0,2.0,2.0,0,men,individual
9,Mihhail Selevko,EST,1,140.6,68.86,71.74,0.0,3.0,ChSq1,6.0,gpcan2023,0.0,,4.14,1.14,,1,,2324,2.0,2.0,3.0,2.0,2.0,3.0,2.0,3.0,2.0,0,men,individual
9,Mihhail Selevko,EST,1,140.6,68.86,71.74,0.0,1.21,1A,7.0,gpcan2023,1.0,,1.21,0.0,,1,,2324,0.0,0.0,0.0,0.0,0.0,0.0,0.0,0.0,-1.0,0,men,individual
9,Mihhail Selevko,EST,1,140.6,68.86,71.74,0.0,7.81,3Fq+1Eu+2S,8.0,gpcan2023,1.0,,6.14,-1.67,q,1,,2324,-4.0,-3.0,-3.0,-3.0,-4.0,-3.0,-3.0,-3.0,-3.0,0,men,individual
9,Mihhail Selevko,EST,1,140.6,68.86,71.74,0.0,3.74,2Lz+2T,9.0,gpcan2023,1.0,,3.56,-0.18,,1,,2324,-2.0,-1.0,-1.0,-1.0,0.0,0.0,-1.0,-1.0,-1.0,0,men,individual
9,Mihhail Selevko,EST,1,140.6,68.86,71.74,0.0,2.8,CCSp3,10.0,gpcan2023,0.0,,3.0,0.2,,1,,2324,1.0,1.0,1.0,0.0,1.0,1.0,-1.0,0.0,1.0,0,men,individual
9,Mihhail Selevko,EST,1,140.6,68.86,71.74,0.0,3.3,StSq3,11.0,gpcan2023,0.0,,3.68,0.38,,1,,2324,1.0,1.0,1.0,1.0,2.0,1.0,1.0,1.0,2.0,0,men,individual
9,Mihhail Selevko,EST,1,140.6,68.86,71.74,0.0,2.25,CCoSp3V,12.0,gpcan2023,0.0,,2.48,0.23,,1,,2324,2.0,1.0,1.0,1.0,1.0,1.0,0.0,1.0,1.0,0,men,individual
9,Mihhail Selevko,EST,1,140.6,68.86,71.74,0.0,,,,gpcan2023,,3.33,7.29,,,0,Composition,2324,7.0,7.5,7.5,7.25,7.25,7.75,7.0,6.75,7.5,0,men,individual
9,Mihhail Selevko,EST,1,140.6,68.86,71.74,0.0,,,,gpcan2023,,3.33,7.32,,,0,Skating Skills,2324,7.25,7.75,7.5,7.0,7.5,7.5,7.25,6.75,7.25,0,men,individual
10,Conrad Orzel,CAN,7,135.44,64.08,71.36,0.0,9.7,4S,1.0,gpcan2023,0.0,,10.95,1.25,,1,,2324,2.0,2.0,2.0,2.0,1.0,0.0,0.0,1.0,1.0,0,men,individual
10,Conrad Orzel,CAN,7,135.44,64.08,71.36,0.0,13.7,4T+3Tq,2.0,gpcan2023,0.0,,12.34,-1.36,q,1,,2324,-2.0,-1.0,-1.0,-2.0,-2.0,-1.0,-2.0,0.0,-1.0,0,men,individual
10,Conrad Orzel,CAN,7,135.44,64.08,71.36,0.0,4.2,3T,3.0,gpcan2023,0.0,,4.62,0.42,,1,,2324,2.0,1.0,1.0,0.0,0.0,1.0,1.0,1.0,2.0,0,men,individual
10,Conrad Orzel,CAN,7,135.44,64.08,71.36,0.0,3.3,2A,4.0,gpcan2023,0.0,,3.77,0.47,,1,,2324,1.0,1.0,2.0,1.0,1.0,1.0,2.0,2.0,2.0,0,men,individual
10,Conrad Orzel,CAN,7,135.44,64.08,71.36,0.0,2.3,FCSp2,5.0,gpcan2023,0.0,,2.6,0.3,,1,,2324,1.0,2.0,2.0,1.0,1.0,1.0,1.0,2.0,1.0,0,men,individual
10,Conrad Orzel,CAN,7,135.44,64.08,71.36,0.0,3.3,StSq3,6.0,gpcan2023,0.0,,3.54,0.24,,1,,2324,2.0,0.0,1.0,1.0,1.0,0.0,0.0,1.0,1.0,0,men,individual
10,Conrad Orzel,CAN,7,135.44,64.08,71.36,0.0,7.92,3Lz+2T,7.0,gpcan2023,1.0,,8.34,0.42,,1,,2324,2.0,1.0,1.0,0.0,0.0,1.0,0.0,1.0,1.0,0,men,individual
10,Conrad Orzel,CAN,7,135.44,64.08,71.36,0.0,5.61,2F!+2A+2A*+SEQ,8.0,gpcan2023,1.0,,5.14,-0.47,*,1,,2324,-3.0,-1.0,-1.0,-1.0,-2.0,-2.0,-1.0,-2.0,-1.0,0,men,individual
10,Conrad Orzel,CAN,7,135.44,64.08,71.36,0.0,4.31,3Lo<,9.0,gpcan2023,1.0,,3.42,-0.89,<,1,,2324,-3.0,-2.0,-2.0,-3.0,-2.0,-2.0,-3.0,-2.0,-2.0,0,men,individual
10,Conrad Orzel,CAN,7,135.44,64.08,71.36,0.0,3.0,ChSq1,10.0,gpcan2023,0.0,,3.14,0.14,,1,,2324,-1.0,1.0,0.0,0.0,1.0,0.0,0.0,0.0,1.0,0,men,individual
10,Conrad Orzel,CAN,7,135.44,64.08,71.36,0.0,2.6,CSSp3,11.0,gpcan2023,0.0,,2.75,0.15,,1,,2324,1.0,1.0,2.0,0.0,1.0,0.0,0.0,0.0,1.0,0,men,individual
10,Conrad Orzel,CAN,7,135.44,64.08,71.36,0.0,3.0,CCoSp3,12.0,gpcan2023,0.0,,3.47,0.47,,1,,2324,2.0,2.0,2.0,2.0,1.0,1.0,1.0,1.0,2.0,0,men,individual
10,Conrad Orzel,CAN,7,135.44,64.08,71.36,0.0,,,,gpcan2023,,3.33,7.07,,,0,Composition,2324,6.75,6.75,7.25,7.5,7.5,6.5,7.0,7.0,7.25,0,men,individual
10,Conrad Orzel,CAN,7,135.44,64.08,71.36,0.0,,,,gpcan2023,,3.33,7.25,,,0,Skating Skills,2324,7.25,7.25,7.5,7.0,7.25,6.25,7.25,7.25,7.5,0,men,individual
11,Junhwan Cha,KOR,11,130.43,57.21,77.22,-4.0,7.76,4S<,1.0,gpcan2023,0.0,,3.88,-3.88,F,1,,2324,-5.0,-5.0,-5.0,-5.0,-5.0,-5.0,-5.0,-5.0,-5.0,0,men,individual
11,Junhwan Cha,KOR,11,130.43,57.21,77.22,-4.0,9.5,4Tq,2.0,gpcan2023,0.0,,4.75,-4.75,F,1,,2324,-5.0,-5.0,-5.0,-5.0,-5.0,-5.0,-5.0,-5.0,-5.0,0,men,individual
11,Junhwan Cha,KOR,11,130.43,57.21,77.22,-4.0,5.3,3F,3.0,gpcan2023,0.0,,6.44,1.14,,1,,2324,2.0,2.0,3.0,2.0,2.0,2.0,2.0,2.0,3.0,0,men,individual
11,Junhwan Cha,KOR,11,130.43,57.21,77.22,-4.0,3.2,FCSp4,4.0,gpcan2023,0.0,,3.93,0.73,,1,,2324,3.0,2.0,3.0,2.0,2.0,2.0,1.0,2.0,3.0,0,men,individual
11,Junhwan Cha,KOR,11,130.43,57.21,77.22,-4.0,6.4,3Lz+1Lo,5.0,gpcan2023,0.0,,6.4,0.0,,1,,2324,0.0,0.0,0.0,-1.0,0.0,0.0,0.0,0.0,0.0,0,men,individual
11,Junhwan Cha,KOR,11,130.43,57.21,77.22,-4.0,3.9,StSq4,6.0,gpcan2023,0.0,,4.9,1.0,,1,,2324,2.0,3.0,3.0,3.0,2.0,2.0,2.0,3.0,3.0,0,men,individual
11,Junhwan Cha,KOR,11,130.43,57.21,77.22,-4.0,8.8,3Aq,7.0,gpcan2023,1.0,,5.14,-3.66,q,1,,2324,-5.0,-4.0,-5.0,-4.0,-4.0,-4.0,-5.0,-5.0,-5.0,0,men,individual
11,Junhwan Cha,KOR,11,130.43,57.21,77.22,-4.0,6.16,3Aq+REP,8.0,gpcan2023,1.0,,2.16,-4.0,F,1,,2324,-5.0,-5.0,-5.0,-5.0,-5.0,-5.0,-5.0,-5.0,-5.0,0,men,individual
11,Junhwan Cha,KOR,11,130.43,57.21,77.22,-4.0,6.49,3Lz,9.0,gpcan2023,1.0,,6.91,0.42,,1,,2324,1.0,2.0,1.0,0.0,2.0,0.0,0.0,0.0,1.0,0,men,individual
11,Junhwan Cha,KOR,11,130.43,57.21,77.22,-4.0,3.5,CCoSp4,10.0,gpcan2023,0.0,,3.8,0.3,,1,,2324,1.0,1.0,1.0,-1.0,2.0,0.0,0.0,3.0,1.0,0,men,individual
11,Junhwan Cha,KOR,11,130.43,57.21,77.22,-4.0,3.0,ChSq1,11.0,gpcan2023,0.0,,4.5,1.5,,1,,2324,3.0,3.0,4.0,3.0,2.0,4.0,3.0,1.0,3.0,0,men,individual
11,Junhwan Cha,KOR,11,130.43,57.21,77.22,-4.0,3.5,FCCoSp4,12.0,gpcan2023,0.0,,4.4,0.9,,1,,2324,3.0,3.0,3.0,2.0,2.0,3.0,2.0,2.0,3.0,0,men,individual
11,Junhwan Cha,KOR,11,130.43,57.21,77.22,-4.0,,,,gpcan2023,,3.33,7.86,,,0,Composition,2324,7.5,7.75,8.75,8.5,7.75,6.75,8.0,7.75,7.75,0,men,individual
11,Junhwan Cha,KOR,11,130.43,57.21,77.22,-4.0,,,,gpcan2023,,3.33,7.79,,,0,Skating Skills,2324,7.75,8.0,8.5,7.25,7.5,7.75,8.0,7.75,7.75,0,men,individual
12,Aleksa Rakic,CAN,4,116.82,51.59,69.23,-4.0,9.5,4T,1.0,gpcan2023,0.0,,9.64,0.14,,1,,2324,0.0,1.0,0.0,1.0,0.0,0.0,0.0,0.0,0.0,0,men,individual
12,Aleksa Rakic,CAN,4,116.82,51.59,69.23,-4.0,4.3,3S,2.0,gpcan2023,0.0,,5.1,0.8,,1,,2324,1.0,2.0,2.0,1.0,2.0,2.0,2.0,2.0,2.0,0,men,individual
12,Aleksa Rakic,CAN,4,116.82,51.59,69.23,-4.0,8.0,3Aq,3.0,gpcan2023,0.0,,4.0,-4.0,F,1,,2324,-5.0,-5.0,-5.0,-5.0,-5.0,-5.0,-5.0,-5.0,-5.0,0,men,individual
12,Aleksa Rakic,CAN,4,116.82,51.59,69.23,-4.0,9.8,3Lo+3Lo,4.0,gpcan2023,0.0,,10.15,0.35,,1,,2324,0.0,1.0,1.0,0.0,1.0,1.0,0.0,1.0,1.0,0,men,individual
12,Aleksa Rakic,CAN,4,116.82,51.59,69.23,-4.0,3.0,ChSq1,5.0,gpcan2023,0.0,,3.64,0.64,,1,,2324,1.0,0.0,2.0,1.0,1.0,3.0,1.0,2.0,1.0,0,men,individual
12,Aleksa Rakic,CAN,4,116.82,51.59,69.23,-4.0,2.8,FCSp3,6.0,gpcan2023,0.0,,3.16,0.36,,1,,2324,0.0,1.0,2.0,1.0,1.0,3.0,1.0,1.0,2.0,0,men,individual
12,Aleksa Rakic,CAN,4,116.82,51.59,69.23,-4.0,4.93,3A<+REP,7.0,gpcan2023,1.0,,1.73,-3.2,F,1,,2324,-5.0,-5.0,-5.0,-5.0,-5.0,-5.0,-5.0,-5.0,-5.0,0,men,individual
12,Aleksa Rakic,CAN,4,116.82,51.59,69.23,-4.0,0.66,1Lz,8.0,gpcan2023,1.0,,0.64,-0.02,,1,,2324,-1.0,0.0,0.0,-1.0,0.0,-1.0,0.0,0.0,0.0,0,men,individual
12,Aleksa Rakic,CAN,4,116.82,51.59,69.23,-4.0,5.83,3F,9.0,gpcan2023,1.0,,3.18,-2.65,F,1,,2324,-5.0,-5.0,-5.0,-5.0,-5.0,-5.0,-5.0,-5.0,-5.0,0,men,individual
12,Aleksa Rakic,CAN,4,116.82,51.59,69.23,-4.0,3.3,StSq3,10.0,gpcan2023,0.0,,3.63,0.33,,1,,2324,1.0,1.0,1.0,1.0,1.0,1.0,1.0,1.0,2.0,0,men,individual
12,Aleksa Rakic,CAN,4,116.82,51.59,69.23,-4.0,3.0,CCoSp3,11.0,gpcan2023,0.0,,3.51,0.51,,1,,2324,2.0,1.0,2.0,2.0,1.0,2.0,1.0,2.0,2.0,0,men,individual
12,Aleksa Rakic,CAN,4,116.82,51.59,69.23,-4.0,3.0,FCCoSp3,12.0,gpcan2023,0.0,,3.21,0.21,,1,,2324,2.0,1.0,0.0,-2.0,1.0,0.0,1.0,1.0,1.0,0,men,individual
12,Aleksa Rakic,CAN,4,116.82,51.59,69.23,-4.0,,,,gpcan2023,,3.33,7.18,,,0,Composition,2324,6.5,6.75,7.5,7.5,7.0,7.25,7.25,7.25,7.25,0,men,individual
12,Aleksa Rakic,CAN,4,116.82,51.59,69.23,-4.0,,,,gpcan2023,,3.33,6.93,,,0,Skating Skills,2324,6.75,7.0,7.5,6.5,6.75,7.0,7.25,6.75,7.0,0,men,individual
1,Kaori Sakamoto,JPN,12,151.0,77.87,73.13,0.0,3.3,2A,1.0,gpcan2023,0.0,,4.62,1.32,,1,,2324,5.0,5.0,5.0,3.0,3.0,4.0,4.0,3.0,4.0,0,women,individual
1,Kaori Sakamoto,JPN,12,151.0,77.87,73.13,0.0,5.9,3Lz,2.0,gpcan2023,0.0,,7.67,1.77,,1,,2324,1.0,3.0,3.0,3.0,3.0,3.0,3.0,3.0,3.0,0,women,individual
1,Kaori Sakamoto,JPN,12,151.0,77.87,73.13,0.0,4.3,3S,3.0,gpcan2023,0.0,,5.53,1.23,,1,,2324,3.0,3.0,3.0,3.0,3.0,3.0,3.0,2.0,2.0,0,women,individual
1,Kaori Sakamoto,JPN,12,151.0,77.87,73.13,0.0,3.5,CCoSp4,4.0,gpcan2023,0.0,,4.4,0.9,,1,,2324,3.0,2.0,3.0,2.0,2.0,3.0,3.0,3.0,2.0,0,women,individual
1,Kaori Sakamoto,JPN,12,151.0,77.87,73.13,0.0,3.9,StSq4,5.0,gpcan2023,0.0,,5.35,1.45,,1,,2324,4.0,4.0,4.0,4.0,3.0,4.0,4.0,3.0,3.0,0,women,individual
1,Kaori Sakamoto,JPN,12,151.0,77.87,73.13,0.0,6.6,3F+2T,6.0,gpcan2023,0.0,,8.04,1.44,,1,,2324,3.0,2.0,3.0,2.0,3.0,3.0,3.0,3.0,2.0,0,women,individual
1,Kaori Sakamoto,JPN,12,151.0,77.87,73.13,0.0,2.6,FSSp3,7.0,gpcan2023,0.0,,3.27,0.67,,1,,2324,3.0,3.0,3.0,3.0,2.0,4.0,2.0,2.0,2.0,0,women,individual
1,Kaori Sakamoto,JPN,12,151.0,77.87,73.13,0.0,10.45,3F+3T,8.0,gpcan2023,1.0,,12.12,1.67,,1,,2324,4.0,4.0,3.0,3.0,3.0,3.0,3.0,3.0,3.0,0,women,individual
1,Kaori Sakamoto,JPN,12,151.0,77.87,73.13,0.0,9.68,2A+3T+2T,9.0,gpcan2023,1.0,,11.06,1.38,,1,,2324,4.0,3.0,2.0,3.0,3.0,3.0,4.0,4.0,3.0,0,women,individual
1,Kaori Sakamoto,JPN,12,151.0,77.87,73.13,0.0,3.0,ChSq1,10.0,gpcan2023,0.0,,4.86,1.86,,1,,2324,4.0,4.0,4.0,3.0,3.0,3.0,4.0,4.0,4.0,0,women,individual
1,Kaori Sakamoto,JPN,12,151.0,77.87,73.13,0.0,5.39,3Lo,11.0,gpcan2023,1.0,,6.65,1.26,,1,,2324,4.0,4.0,2.0,3.0,2.0,2.0,2.0,3.0,2.0,0,women,individual
1,Kaori Sakamoto,JPN,12,151.0,77.87,73.13,0.0,3.5,FCCoSp4,12.0,gpcan2023,0.0,,4.3,0.8,,1,,2324,3.0,2.0,2.0,3.0,2.0,2.0,2.0,3.0,2.0,0,women,individual
1,Kaori Sakamoto,JPN,12,151.0,77.87,73.13,0.0,,,,gpcan2023,,2.67,9.07,,,0,Composition,2324,9.25,9.25,9.5,9.0,8.75,8.75,9.25,9.0,9.0,0,women,individual
1,Kaori Sakamoto,JPN,12,151.0,77.87,73.13,0.0,,,,gpcan2023,,2.67,9.21,,,0,Skating Skills,2324,9.5,9.5,9.25,9.25,9.0,9.0,9.25,9.0,9.25,0,women,individual
2,Madeline Schizas,CAN,5,132.47,70.21,62.26,0.0,10.1,3Lz+3T,1.0,gpcan2023,0.0,,11.45,1.35,,1,,2324,2.0,1.0,1.0,2.0,3.0,2.0,3.0,3.0,3.0,0,women,individual
2,Madeline Schizas,CAN,5,132.47,70.21,62.26,0.0,5.3,3F,2.0,gpcan2023,0.0,,6.66,1.36,,1,,2324,2.0,1.0,2.0,3.0,3.0,3.0,2.0,3.0,3.0,0,women,individual
2,Madeline Schizas,CAN,5,132.47,70.21,62.26,0.0,4.3,3S,3.0,gpcan2023,0.0,,5.22,0.92,,1,,2324,3.0,2.0,2.0,2.0,3.0,2.0,2.0,2.0,2.0,0,women,individual
2,Madeline Schizas,CAN,5,132.47,70.21,62.26,0.0,7.9,3Lo+2T+2Lo,4.0,gpcan2023,0.0,,8.53,0.63,,1,,2324,1.0,1.0,1.0,2.0,0.0,0.0,2.0,3.0,2.0,0,women,individual
2,Madeline Schizas,CAN,5,132.47,70.21,62.26,0.0,3.5,CCoSp4,5.0,gpcan2023,0.0,,4.1,0.6,,1,,2324,2.0,1.0,1.0,2.0,2.0,2.0,1.0,2.0,2.0,0,women,individual
2,Madeline Schizas,CAN,5,132.47,70.21,62.26,0.0,3.3,StSq3,6.0,gpcan2023,0.0,,3.91,0.61,,1,,2324,2.0,1.0,2.0,2.0,1.0,2.0,2.0,2.0,2.0,0,women,individual
2,Madeline Schizas,CAN,5,132.47,70.21,62.26,0.0,8.25,2A+3T,7.0,gpcan2023,1.0,,9.33,1.08,,1,,2324,3.0,2.0,2.0,3.0,2.0,2.0,3.0,3.0,3.0,0,women,individual
2,Madeline Schizas,CAN,5,132.47,70.21,62.26,0.0,5.39,3Lo,8.0,gpcan2023,1.0,,6.37,0.98,,1,,2324,2.0,2.0,1.0,2.0,2.0,2.0,2.0,2.0,2.0,0,women,individual
2,Madeline Schizas,CAN,5,132.47,70.21,62.26,0.0,3.0,FSSp4,9.0,gpcan2023,0.0,,3.64,0.64,,1,,2324,3.0,2.0,2.0,2.0,2.0,3.0,2.0,2.0,2.0,0,women,individual
2,Madeline Schizas,CAN,5,132.47,70.21,62.26,0.0,3.0,ChSq1,10.0,gpcan2023,0.0,,3.86,0.86,,1,,2324,2.0,2.0,2.0,2.0,0.0,1.0,1.0,2.0,2.0,0,women,individual
2,Madeline Schizas,CAN,5,132.47,70.21,62.26,0.0,3.63,2A,11.0,gpcan2023,1.0,,4.29,0.66,,1,,2324,2.0,2.0,2.0,2.0,3.0,2.0,2.0,2.0,2.0,0,women,individual
2,Madeline Schizas,CAN,5,132.47,70.21,62.26,0.0,2.4,LSp3,12.0,gpcan2023,0.0,,2.85,0.45,,1,,2324,0.0,1.0,2.0,2.0,2.0,3.0,2.0,2.0,2.0,0,women,individual
2,Madeline Schizas,CAN,5,132.47,70.21,62.26,0.0,,,,gpcan2023,,2.67,7.64,,,0,Composition,2324,7.75,7.5,8.0,7.5,7.5,7.75,7.5,7.25,8.25,0,women,individual
2,Madeline Schizas,CAN,5,132.47,70.21,62.26,0.0,,,,gpcan2023,,2.67,7.75,,,0,Skating Skills,2324,7.75,7.75,7.75,7.75,7.5,8.0,8.0,7.5,7.75,0,women,individual
3,Rino Matsuike,JPN,10,132.33,65.78,66.55,0.0,4.9,3Lo,1.0,gpcan2023,0.0,,6.3,1.4,,1,,2324,3.0,2.0,3.0,2.0,3.0,3.0,3.0,3.0,3.0,0,women,individual
3,Rino Matsuike,JPN,10,132.33,65.78,66.55,0.0,10.1,3Lzq+3Tq,2.0,gpcan2023,0.0,,8.92,-1.18,q,1,,2324,-2.0,-2.0,-3.0,-1.0,0.0,-2.0,-2.0,-3.0,-2.0,0,women,individual
3,Rino Matsuike,JPN,10,132.33,65.78,66.55,0.0,3.3,2A,3.0,gpcan2023,0.0,,4.15,0.85,,1,,2324,3.0,3.0,3.0,2.0,2.0,3.0,3.0,2.0,2.0,0,women,individual
3,Rino Matsuike,JPN,10,132.33,65.78,66.55,0.0,3.0,FCCoSp3,4.0,gpcan2023,0.0,,3.17,0.17,,1,,2324,0.0,1.0,1.0,2.0,0.0,1.0,0.0,1.0,0.0,0,women,individual
3,Rino Matsuike,JPN,10,132.33,65.78,66.55,0.0,3.3,2A,5.0,gpcan2023,0.0,,4.2,0.9,,1,,2324,3.0,2.0,3.0,2.0,2.0,3.0,3.0,3.0,3.0,0,women,individual
3,Rino Matsuike,JPN,10,132.33,65.78,66.55,0.0,3.9,StSq4,6.0,gpcan2023,0.0,,5.13,1.23,,1,,2324,4.0,3.0,3.0,3.0,3.0,3.0,4.0,3.0,3.0,0,women,individual
3,Rino Matsuike,JPN,10,132.33,65.78,66.55,0.0,11.62,3Lz!q+3T<+2T,7.0,gpcan2023,1.0,,9.18,-2.44,<,1,,2324,-4.0,-5.0,-4.0,-4.0,-4.0,-5.0,-4.0,-4.0,-4.0,0,women,individual
3,Rino Matsuike,JPN,10,132.33,65.78,66.55,0.0,7.26,3Fq+2T,8.0,gpcan2023,1.0,,6.65,-0.61,q,1,,2324,-1.0,-2.0,-1.0,-1.0,-1.0,-1.0,-1.0,-2.0,-1.0,0,women,individual
3,Rino Matsuike,JPN,10,132.33,65.78,66.55,0.0,4.73,3S,9.0,gpcan2023,1.0,,5.65,0.92,,1,,2324,3.0,2.0,2.0,3.0,2.0,2.0,2.0,2.0,2.0,0,women,individual
3,Rino Matsuike,JPN,10,132.33,65.78,66.55,0.0,3.0,ChSq1,10.0,gpcan2023,0.0,,4.36,1.36,,1,,2324,4.0,2.0,3.0,3.0,2.0,3.0,3.0,2.0,3.0,0,women,individual
3,Rino Matsuike,JPN,10,132.33,65.78,66.55,0.0,3.5,CCoSp4,11.0,gpcan2023,0.0,,4.6,1.1,,1,,2324,4.0,3.0,4.0,3.0,3.0,3.0,3.0,3.0,2.0,0,women,individual
3,Rino Matsuike,JPN,10,132.33,65.78,66.55,0.0,2.7,LSp4,12.0,gpcan2023,0.0,,3.47,0.77,,1,,2324,4.0,3.0,3.0,3.0,3.0,3.0,2.0,3.0,2.0,0,women,individual
3,Rino Matsuike,JPN,10,132.33,65.78,66.55,0.0,,,,gpcan2023,,2.67,8.29,,,0,Composition,2324,8.5,8.0,8.75,8.25,8.25,7.75,8.25,8.25,8.5,0,women,individual
3,Rino Matsuike,JPN,10,132.33,65.78,66.55,0.0,,,,gpcan2023,,2.67,8.32,,,0,Skating Skills,2324,8.25,8.0,9.0,8.25,8.5,8.5,8.25,8.0,8.5,0,women,individual
4,Chaeyeon Kim,KOR,11,130.84,67.35,63.49,0.0,3.3,2A,1.0,gpcan2023,0.0,,4.01,0.71,,1,,2324,2.0,2.0,2.0,2.0,2.0,4.0,2.0,2.0,3.0,0,women,individual
4,Chaeyeon Kim,KOR,11,130.84,67.35,63.49,0.0,10.1,3Lz+3T,2.0,gpcan2023,0.0,,11.28,1.18,,1,,2324,3.0,2.0,1.0,2.0,2.0,2.0,2.0,2.0,2.0,0,women,individual
4,Chaeyeon Kim,KOR,11,130.84,67.35,63.49,0.0,4.9,3Lo,3.0,gpcan2023,0.0,,5.81,0.91,,1,,2324,3.0,1.0,2.0,2.0,2.0,2.0,3.0,0.0,1.0,0,women,individual
4,Chaeyeon Kim,KOR,11,130.84,67.35,63.49,0.0,4.24,3F!<,4.0,gpcan2023,0.0,,2.79,-1.45,<,1,,2324,-4.0,-3.0,-2.0,-3.0,-4.0,-3.0,-3.0,-4.0,-4.0,0,women,individual
4,Chaeyeon Kim,KOR,11,130.84,67.35,63.49,0.0,3.5,FCCoSp4,5.0,gpcan2023,0.0,,4.3,0.8,,1,,2324,3.0,3.0,1.0,2.0,2.0,3.0,2.0,3.0,1.0,0,women,individual
4,Chaeyeon Kim,KOR,11,130.84,67.35,63.49,0.0,7.96,3F!<+2T+2Lo,6.0,gpcan2023,1.0,,6.44,-1.52,<,1,,2324,-5.0,-2.0,-4.0,-3.0,-4.0,-4.0,-3.0,-4.0,-3.0,0,women,individual
4,Chaeyeon Kim,KOR,11,130.84,67.35,63.49,0.0,10.12,3Lz+2A+SEQ,7.0,gpcan2023,1.0,,11.22,1.1,,1,,2324,3.0,2.0,2.0,2.0,2.0,1.0,2.0,2.0,1.0,0,women,individual
4,Chaeyeon Kim,KOR,11,130.84,67.35,63.49,0.0,3.9,StSq4,8.0,gpcan2023,0.0,,4.9,1.0,,1,,2324,4.0,3.0,3.0,2.0,2.0,3.0,2.0,2.0,3.0,0,women,individual
4,Chaeyeon Kim,KOR,11,130.84,67.35,63.49,0.0,3.0,ChSq1,9.0,gpcan2023,0.0,,3.93,0.93,,1,,2324,3.0,2.0,2.0,2.0,2.0,2.0,1.0,1.0,2.0,0,women,individual
4,Chaeyeon Kim,KOR,11,130.84,67.35,63.49,0.0,4.73,3S,10.0,gpcan2023,1.0,,5.28,0.55,,1,,2324,3.0,1.0,1.0,2.0,2.0,1.0,1.0,1.0,0.0,0,women,individual
4,Chaeyeon Kim,KOR,11,130.84,67.35,63.49,0.0,3.2,FCSp4,11.0,gpcan2023,0.0,,3.34,0.14,,1,,2324,-1.0,1.0,1.0,0.0,-1.0,1.0,1.0,1.0,0.0,0,women,individual
4,Chaeyeon Kim,KOR,11,130.84,67.35,63.49,0.0,3.5,CCoSp4,12.0,gpcan2023,0.0,,4.05,0.55,,1,,2324,1.0,2.0,1.0,1.0,2.0,3.0,2.0,2.0,1.0,0,women,individual
4,Chaeyeon Kim,KOR,11,130.84,67.35,63.49,0.0,,,,gpcan2023,,2.67,7.96,,,0,Composition,2324,8.5,8.0,7.5,7.75,8.25,7.75,7.75,8.0,8.25,0,women,individual
4,Chaeyeon Kim,KOR,11,130.84,67.35,63.49,0.0,,,,gpcan2023,,2.67,8.07,,,0,Skating Skills,2324,8.5,8.0,7.5,7.5,8.5,8.0,8.0,8.25,8.25,0,women,individual
5,Lindsay Thorngren,USA,8,127.53,66.78,60.75,0.0,9.26,3Lz+3T<,1.0,gpcan2023,0.0,,8.33,-0.93,<,1,,2324,-2.0,-2.0,-1.0,-2.0,-2.0,-1.0,-2.0,-1.0,-1.0,0,women,individual
5,Lindsay Thorngren,USA,8,127.53,66.78,60.75,0.0,4.3,3S,2.0,gpcan2023,0.0,,4.79,0.49,,1,,2324,1.0,1.0,1.0,1.0,2.0,1.0,2.0,1.0,1.0,0,women,individual
5,Lindsay Thorngren,USA,8,127.53,66.78,60.75,0.0,5.3,3F!q,3.0,gpcan2023,0.0,,4.09,-1.21,!,1,,2324,-3.0,-1.0,-2.0,-2.0,-2.0,-2.0,-3.0,-3.0,-2.0,0,women,individual
5,Lindsay Thorngren,USA,8,127.53,66.78,60.75,0.0,3.0,ChSq1,4.0,gpcan2023,0.0,,3.86,0.86,,1,,2324,3.0,1.0,2.0,2.0,2.0,2.0,1.0,1.0,2.0,0,women,individual
5,Lindsay Thorngren,USA,8,127.53,66.78,60.75,0.0,3.3,2A,5.0,gpcan2023,0.0,,3.96,0.66,,1,,2324,3.0,1.0,2.0,2.0,2.0,3.0,2.0,1.0,2.0,0,women,individual
5,Lindsay Thorngren,USA,8,127.53,66.78,60.75,0.0,3.0,FSSp4,6.0,gpcan2023,0.0,,3.6,0.6,,1,,2324,2.0,1.0,1.0,2.0,2.0,3.0,2.0,2.0,3.0,0,women,individual
5,Lindsay Thorngren,USA,8,127.53,66.78,60.75,0.0,8.25,2A+3T,7.0,gpcan2023,1.0,,9.09,0.84,,1,,2324,3.0,2.0,1.0,2.0,2.0,2.0,2.0,2.0,2.0,0,women,individual
5,Lindsay Thorngren,USA,8,127.53,66.78,60.75,0.0,9.42,3Lz+2T+2Lo<,8.0,gpcan2023,1.0,,8.32,-1.1,<,1,,2324,-2.0,-2.0,-1.0,-2.0,-2.0,-2.0,-2.0,-2.0,-1.0,0,women,individual
5,Lindsay Thorngren,USA,8,127.53,66.78,60.75,0.0,5.39,3Lo,9.0,gpcan2023,1.0,,6.23,0.84,,1,,2324,2.0,1.0,1.0,2.0,2.0,1.0,2.0,2.0,2.0,0,women,individual
5,Lindsay Thorngren,USA,8,127.53,66.78,60.75,0.0,3.5,FCCoSp4,10.0,gpcan2023,0.0,,4.5,1.0,,1,,2324,4.0,2.0,1.0,3.0,3.0,4.0,3.0,3.0,2.0,0,women,individual
5,Lindsay Thorngren,USA,8,127.53,66.78,60.75,0.0,3.9,StSq4,11.0,gpcan2023,0.0,,4.96,1.06,,1,,2324,3.0,2.0,2.0,3.0,3.0,3.0,2.0,3.0,3.0,0,women,individual
5,Lindsay Thorngren,USA,8,127.53,66.78,60.75,0.0,3.5,CCoSp4,12.0,gpcan2023,0.0,,5.05,1.55,,1,,2324,5.0,5.0,4.0,4.0,3.0,5.0,5.0,4.0,4.0,0,women,individual
5,Lindsay Thorngren,USA,8,127.53,66.78,60.75,0.0,,,,gpcan2023,,2.67,7.64,,,0,Composition,2324,8.0,7.75,7.25,7.5,7.75,8.0,7.75,7.25,7.5,0,women,individual
5,Lindsay Thorngren,USA,8,127.53,66.78,60.75,0.0,,,,gpcan2023,,2.67,7.68,,,0,Skating Skills,2324,7.75,7.75,7.75,7.75,7.5,8.25,7.25,7.5,7.75,0,women,individual
6,Rinka Watanabe,JPN,6,124.56,64.78,59.78,0.0,3.3,2A,1.0,gpcan2023,0.0,,4.24,0.94,,1,,2324,3.0,2.0,3.0,3.0,3.0,3.0,3.0,2.0,3.0,0,women,individual
6,Rinka Watanabe,JPN,6,124.56,64.78,59.78,0.0,9.1,3Lo+3T,2.0,gpcan2023,0.0,,9.17,0.07,,1,,2324,0.0,0.0,1.0,-1.0,-1.0,-1.0,1.0,1.0,1.0,0,women,individual
6,Rinka Watanabe,JPN,6,124.56,64.78,59.78,0.0,5.3,3F,3.0,gpcan2023,0.0,,6.36,1.06,,1,,2324,3.0,2.0,2.0,2.0,2.0,1.0,2.0,2.0,2.0,0,women,individual
6,Rinka Watanabe,JPN,6,124.56,64.78,59.78,0.0,0.6,1Lz,4.0,gpcan2023,0.0,,0.6,0.0,,1,,2324,0.0,0.0,0.0,0.0,0.0,-1.0,0.0,0.0,0.0,0,women,individual
6,Rinka Watanabe,JPN,6,124.56,64.78,59.78,0.0,3.2,FCSp4,5.0,gpcan2023,0.0,,3.75,0.55,,1,,2324,3.0,2.0,1.0,2.0,1.0,2.0,2.0,0.0,2.0,0,women,individual
6,Rinka Watanabe,JPN,6,124.56,64.78,59.78,0.0,3.0,ChSq1,6.0,gpcan2023,0.0,,3.71,0.71,,1,,2324,2.0,1.0,2.0,1.0,1.0,2.0,2.0,0.0,1.0,0,women,individual
6,Rinka Watanabe,JPN,6,124.56,64.78,59.78,0.0,7.92,3Lz+2T,7.0,gpcan2023,1.0,,8.68,0.76,,1,,2324,1.0,1.0,1.0,1.0,2.0,1.0,2.0,2.0,1.0,0,women,individual
6,Rinka Watanabe,JPN,6,124.56,64.78,59.78,0.0,8.91,2A+1Eu+3S,8.0,gpcan2023,1.0,,9.77,0.86,,1,,2324,2.0,2.0,2.0,2.0,2.0,2.0,2.0,2.0,2.0,0,women,individual
6,Rinka Watanabe,JPN,6,124.56,64.78,59.78,0.0,5.39,3Lo,9.0,gpcan2023,1.0,,6.37,0.98,,1,,2324,3.0,2.0,2.0,2.0,2.0,1.0,2.0,2.0,2.0,0,women,individual
6,Rinka Watanabe,JPN,6,124.56,64.78,59.78,0.0,3.5,CCoSp4,10.0,gpcan2023,0.0,,3.7,0.2,,1,,2324,1.0,0.0,1.0,1.0,0.0,0.0,2.0,1.0,0.0,0,women,individual
6,Rinka Watanabe,JPN,6,124.56,64.78,59.78,0.0,3.9,StSq4,11.0,gpcan2023,0.0,,4.74,0.84,,1,,2324,2.0,2.0,3.0,2.0,2.0,2.0,3.0,1.0,2.0,0,women,individual
6,Rinka Watanabe,JPN,6,124.56,64.78,59.78,0.0,3.0,FSSp4,12.0,gpcan2023,0.0,,3.69,0.69,,1,,2324,3.0,3.0,2.0,2.0,2.0,3.0,2.0,0.0,2.0,0,women,individual
6,Rinka Watanabe,JPN,6,124.56,64.78,59.78,0.0,,,,gpcan2023,,2.67,7.39,,,0,Composition,2324,7.25,7.5,7.75,7.5,7.5,7.25,7.5,6.75,7.25,0,women,individual
6,Rinka Watanabe,JPN,6,124.56,64.78,59.78,0.0,,,,gpcan2023,,2.67,7.64,,,0,Skating Skills,2324,7.75,7.5,8.25,7.5,7.5,7.75,7.75,7.0,7.75,0,women,individual
7,Lara Naki Gutmann,ITA,2,115.73,61.22,55.51,-1.0,4.72,3Lz<,1.0,gpcan2023,0.0,,2.36,-2.36,F,1,,2324,-5.0,-5.0,-5.0,-5.0,-5.0,-5.0,-5.0,-5.0,-5.0,0,women,individual
7,Lara Naki Gutmann,ITA,2,115.73,61.22,55.51,-1.0,7.5,3T+2A+SEQ,2.0,gpcan2023,0.0,,8.1,0.6,,1,,2324,2.0,1.0,1.0,2.0,2.0,1.0,1.0,1.0,2.0,0,women,individual
7,Lara Naki Gutmann,ITA,2,115.73,61.22,55.51,-1.0,5.3,3F,3.0,gpcan2023,0.0,,6.36,1.06,,1,,2324,2.0,2.0,2.0,1.0,2.0,3.0,2.0,1.0,3.0,0,women,individual
7,Lara Naki Gutmann,ITA,2,115.73,61.22,55.51,-1.0,2.6,CSp4,4.0,gpcan2023,0.0,,3.12,0.52,,1,,2324,2.0,1.0,2.0,2.0,2.0,2.0,2.0,2.0,3.0,0,women,individual
7,Lara Naki Gutmann,ITA,2,115.73,61.22,55.51,-1.0,3.0,ChSq1,5.0,gpcan2023,0.0,,3.64,0.64,,1,,2324,2.0,2.0,0.0,0.0,1.0,1.0,2.0,2.0,1.0,0,women,individual
7,Lara Naki Gutmann,ITA,2,115.73,61.22,55.51,-1.0,4.9,3Lo,6.0,gpcan2023,0.0,,5.81,0.91,,1,,2324,2.0,1.0,2.0,2.0,2.0,2.0,1.0,2.0,2.0,0,women,individual
7,Lara Naki Gutmann,ITA,2,115.73,61.22,55.51,-1.0,7.92,3Lz+2T,7.0,gpcan2023,1.0,,8.59,0.67,,1,,2324,1.0,1.0,1.0,1.0,1.0,1.0,2.0,1.0,2.0,0,women,individual
7,Lara Naki Gutmann,ITA,2,115.73,61.22,55.51,-1.0,5.61,2A+1Eu+2S,8.0,gpcan2023,1.0,,5.66,0.05,,1,,2324,0.0,0.0,0.0,1.0,0.0,1.0,0.0,-1.0,0.0,0,women,individual
7,Lara Naki Gutmann,ITA,2,115.73,61.22,55.51,-1.0,4.73,3S,9.0,gpcan2023,1.0,,4.91,0.18,,1,,2324,1.0,0.0,1.0,1.0,0.0,2.0,0.0,0.0,0.0,0,women,individual
7,Lara Naki Gutmann,ITA,2,115.73,61.22,55.51,-1.0,3.9,StSq4,10.0,gpcan2023,0.0,,4.57,0.67,,1,,2324,3.0,2.0,1.0,2.0,2.0,2.0,1.0,1.0,2.0,0,women,individual
7,Lara Naki Gutmann,ITA,2,115.73,61.22,55.51,-1.0,3.5,FCCoSp4,11.0,gpcan2023,0.0,,4.2,0.7,,1,,2324,2.0,2.0,2.0,2.0,2.0,2.0,2.0,2.0,2.0,0,women,individual
7,Lara Naki Gutmann,ITA,2,115.73,61.22,55.51,-1.0,3.5,CCoSp4,12.0,gpcan2023,0.0,,3.9,0.4,,1,,2324,2.0,2.0,0.0,2.0,1.0,0.0,2.0,1.0,0.0,0,women,individual
7,Lara Naki Gutmann,ITA,2,115.73,61.22,55.51,-1.0,,,,gpcan2023,,2.67,7.04,,,0,Composition,2324,8.0,7.25,6.5,6.5,7.25,7.25,7.25,6.75,7.0,0,women,individual
7,Lara Naki Gutmann,ITA,2,115.73,61.22,55.51,-1.0,,,,gpcan2023,,2.67,6.82,,,0,Skating Skills,2324,7.0,7.25,6.75,6.75,7.0,7.0,6.75,6.5,6.5,0,women,individual
8,Starr Andrews,USA,7,113.75,55.2,58.55,0.0,3.3,2A,1.0,gpcan2023,0.0,,3.87,0.57,,1,,2324,2.0,1.0,0.0,2.0,2.0,2.0,2.0,2.0,1.0,0,women,individual
8,Starr Andrews,USA,7,113.75,55.2,58.55,0.0,5.3,3F,2.0,gpcan2023,0.0,,3.03,-2.27,,1,,2324,-4.0,-4.0,-4.0,-4.0,-5.0,-5.0,-4.0,-5.0,-4.0,0,women,individual
8,Starr Andrews,USA,7,113.75,55.2,58.55,0.0,4.2,3T,3.0,gpcan2023,0.0,,4.98,0.78,,1,,2324,3.0,2.0,1.0,2.0,2.0,2.0,2.0,1.0,2.0,0,women,individual
8,Starr Andrews,USA,7,113.75,55.2,58.55,0.0,8.3,3Fq+2T+2Loq,4.0,gpcan2023,0.0,,6.56,-1.74,q,1,,2324,-4.0,-3.0,-3.0,-2.0,-3.0,-4.0,-3.0,-4.0,-3.0,0,women,individual
8,Starr Andrews,USA,7,113.75,55.2,58.55,0.0,3.5,FCCoSp4,5.0,gpcan2023,0.0,,4.3,0.8,,1,,2324,3.0,2.0,2.0,2.0,2.0,2.0,3.0,3.0,2.0,0,women,individual
8,Starr Andrews,USA,7,113.75,55.2,58.55,0.0,4.73,3S,6.0,gpcan2023,1.0,,3.93,-0.8,,1,,2324,-2.0,-2.0,-1.0,-2.0,-3.0,-1.0,-1.0,-3.0,-2.0,0,women,individual
8,Starr Andrews,USA,7,113.75,55.2,58.55,0.0,9.02,3Loq+2A+SEQ,7.0,gpcan2023,1.0,,8.39,-0.63,q,1,,2324,-1.0,-1.0,-1.0,-1.0,-2.0,-2.0,-2.0,-1.0,-1.0,0,women,individual
8,Starr Andrews,USA,7,113.75,55.2,58.55,0.0,3.0,ChSq1,8.0,gpcan2023,0.0,,3.71,0.71,,1,,2324,3.0,2.0,2.0,1.0,0.0,0.0,2.0,1.0,2.0,0,women,individual
8,Starr Andrews,USA,7,113.75,55.2,58.55,0.0,6.82,3Loq+2T,9.0,gpcan2023,1.0,,5.84,-0.98,q,1,,2324,-3.0,-2.0,-2.0,-2.0,-2.0,-2.0,-2.0,-2.0,-2.0,0,women,individual
8,Starr Andrews,USA,7,113.75,55.2,58.55,0.0,3.3,StSq3,10.0,gpcan2023,0.0,,3.87,0.57,,1,,2324,3.0,2.0,2.0,2.0,2.0,1.0,2.0,1.0,1.0,0,women,individual
8,Starr Andrews,USA,7,113.75,55.2,58.55,0.0,3.0,CCoSp3,11.0,gpcan2023,0.0,,3.81,0.81,,1,,2324,4.0,3.0,3.0,2.0,2.0,3.0,3.0,2.0,3.0,0,women,individual
8,Starr Andrews,USA,7,113.75,55.2,58.55,0.0,2.4,LSp3,12.0,gpcan2023,0.0,,2.91,0.51,,1,,2324,3.0,2.0,3.0,2.0,2.0,2.0,2.0,1.0,2.0,0,women,individual
8,Starr Andrews,USA,7,113.75,55.2,58.55,0.0,,,,gpcan2023,,2.67,7.36,,,0,Composition,2324,7.75,7.5,7.5,7.25,7.25,6.75,7.75,7.0,7.25,0,women,individual
8,Starr Andrews,USA,7,113.75,55.2,58.55,0.0,,,,gpcan2023,,2.67,7.18,,,0,Skating Skills,2324,7.5,7.25,7.0,7.0,7.5,6.75,7.5,7.0,7.0,0,women,individual
9,Audrey Shin,USA,9,111.95,54.13,58.82,-1.0,5.9,3Lz,1.0,gpcan2023,0.0,,6.74,0.84,,1,,2324,1.0,1.0,1.0,1.0,2.0,1.0,2.0,2.0,2.0,0,women,individual
9,Audrey Shin,USA,9,111.95,54.13,58.82,-1.0,5.5,3Tq+2T,2.0,gpcan2023,0.0,,5.14,-0.36,q,1,,2324,-1.0,-1.0,-1.0,-2.0,0.0,-1.0,-1.0,-1.0,0.0,0,women,individual
9,Audrey Shin,USA,9,111.95,54.13,58.82,-1.0,5.3,3F!,3.0,gpcan2023,0.0,,5.3,0.0,!,1,,2324,-1.0,0.0,0.0,-1.0,0.0,1.0,0.0,0.0,1.0,0,women,individual
9,Audrey Shin,USA,9,111.95,54.13,58.82,-1.0,3.3,2A,4.0,gpcan2023,0.0,,3.87,0.57,,1,,2324,2.0,1.0,1.0,2.0,2.0,2.0,2.0,2.0,1.0,0,women,individual
9,Audrey Shin,USA,9,111.95,54.13,58.82,-1.0,3.2,FCSp4,5.0,gpcan2023,0.0,,4.02,0.82,,1,,2324,4.0,2.0,2.0,2.0,2.0,3.0,3.0,3.0,3.0,0,women,individual
9,Audrey Shin,USA,9,111.95,54.13,58.82,-1.0,3.92,3Lo<,6.0,gpcan2023,0.0,,1.96,-1.96,F,1,,2324,-5.0,-5.0,-5.0,-5.0,-5.0,-5.0,-5.0,-5.0,-5.0,0,women,individual
9,Audrey Shin,USA,9,111.95,54.13,58.82,-1.0,8.36,3S+2A+SEQ,7.0,gpcan2023,1.0,,9.22,0.86,,1,,2324,2.0,2.0,2.0,2.0,2.0,1.0,2.0,3.0,2.0,0,women,individual
9,Audrey Shin,USA,9,111.95,54.13,58.82,-1.0,3.02,3Lo<+REP,8.0,gpcan2023,1.0,,1.9,-1.12,<,1,,2324,-3.0,-3.0,-2.0,-2.0,-3.0,-3.0,-3.0,-3.0,-3.0,0,women,individual
9,Audrey Shin,USA,9,111.95,54.13,58.82,-1.0,3.0,ChSq1,9.0,gpcan2023,0.0,,3.93,0.93,,1,,2324,3.0,2.0,2.0,1.0,1.0,2.0,2.0,2.0,2.0,0,women,individual
9,Audrey Shin,USA,9,111.95,54.13,58.82,-1.0,3.5,CCoSp4,10.0,gpcan2023,0.0,,4.05,0.55,,1,,2324,2.0,1.0,2.0,1.0,2.0,1.0,2.0,2.0,0.0,0,women,individual
9,Audrey Shin,USA,9,111.95,54.13,58.82,-1.0,3.5,FCCoSp4,11.0,gpcan2023,0.0,,3.95,0.45,,1,,2324,3.0,1.0,2.0,1.0,1.0,0.0,2.0,2.0,0.0,0,women,individual
9,Audrey Shin,USA,9,111.95,54.13,58.82,-1.0,3.3,StSq3,12.0,gpcan2023,0.0,,4.05,0.75,,1,,2324,3.0,2.0,3.0,2.0,2.0,3.0,2.0,1.0,2.0,0,women,individual
9,Audrey Shin,USA,9,111.95,54.13,58.82,-1.0,,,,gpcan2023,,2.67,7.21,,,0,Composition,2324,7.75,7.25,7.25,7.25,7.5,7.25,6.75,7.0,7.0,0,women,individual
9,Audrey Shin,USA,9,111.95,54.13,58.82,-1.0,,,,gpcan2023,,2.67,7.46,,,0,Skating Skills,2324,8.0,7.5,7.0,7.25,7.75,7.5,7.5,7.5,7.25,0,women,individual
10,Sara-Maude Dupuis,CAN,3,99.78,49.87,50.91,-1.0,8.9,3Lz+2T+2Lo,1.0,gpcan2023,0.0,,9.32,0.42,,1,,2324,0.0,0.0,1.0,1.0,2.0,0.0,2.0,0.0,1.0,0,women,individual
10,Sara-Maude Dupuis,CAN,3,99.78,49.87,50.91,-1.0,4.6,2A+2T,2.0,gpcan2023,0.0,,4.88,0.28,,1,,2324,1.0,1.0,0.0,1.0,1.0,1.0,2.0,0.0,1.0,0,women,individual
10,Sara-Maude Dupuis,CAN,3,99.78,49.87,50.91,-1.0,5.3,3Fq,3.0,gpcan2023,0.0,,2.65,-2.65,F,1,,2324,-5.0,-5.0,-5.0,-5.0,-5.0,-5.0,-5.0,-5.0,-5.0,0,women,individual
10,Sara-Maude Dupuis,CAN,3,99.78,49.87,50.91,-1.0,6.0,3Lo+1A+SEQ,4.0,gpcan2023,0.0,,6.07,0.07,,1,,2324,0.0,0.0,0.0,0.0,1.0,0.0,0.0,0.0,1.0,0,women,individual
10,Sara-Maude Dupuis,CAN,3,99.78,49.87,50.91,-1.0,3.0,FCCoSp3,5.0,gpcan2023,0.0,,3.0,0.0,,1,,2324,-1.0,0.0,-1.0,0.0,1.0,0.0,2.0,0.0,0.0,0,women,individual
10,Sara-Maude Dupuis,CAN,3,99.78,49.87,50.91,-1.0,3.0,ChSq1,6.0,gpcan2023,0.0,,3.07,0.07,,1,,2324,0.0,0.0,0.0,1.0,0.0,0.0,2.0,-1.0,0.0,0,women,individual
10,Sara-Maude Dupuis,CAN,3,99.78,49.87,50.91,-1.0,4.62,3T,7.0,gpcan2023,1.0,,4.26,-0.36,,1,,2324,-1.0,-1.0,0.0,0.0,-1.0,-1.0,-1.0,-1.0,-1.0,0,women,individual
10,Sara-Maude Dupuis,CAN,3,99.78,49.87,50.91,-1.0,4.31,3Lo<,8.0,gpcan2023,1.0,,3.24,-1.07,<,1,,2324,-2.0,-3.0,-3.0,-2.0,-3.0,-3.0,-4.0,-3.0,-2.0,0,women,individual
10,Sara-Maude Dupuis,CAN,3,99.78,49.87,50.91,-1.0,4.73,3Sq,9.0,gpcan2023,1.0,,3.93,-0.8,q,1,,2324,-2.0,-2.0,-1.0,-2.0,-2.0,-2.0,-2.0,-2.0,-1.0,0,women,individual
10,Sara-Maude Dupuis,CAN,3,99.78,49.87,50.91,-1.0,2.6,FSSp3,10.0,gpcan2023,0.0,,2.86,0.26,,1,,2324,1.0,1.0,1.0,1.0,1.0,1.0,1.0,-1.0,1.0,0,women,individual
10,Sara-Maude Dupuis,CAN,3,99.78,49.87,50.91,-1.0,2.6,StSq2,11.0,gpcan2023,0.0,,2.79,0.19,,1,,2324,0.0,0.0,2.0,2.0,1.0,1.0,1.0,0.0,0.0,0,women,individual
10,Sara-Maude Dupuis,CAN,3,99.78,49.87,50.91,-1.0,3.5,CCoSp4,12.0,gpcan2023,0.0,,3.8,0.3,,1,,2324,1.0,1.0,1.0,2.0,0.0,0.0,2.0,0.0,1.0,0,women,individual
10,Sara-Maude Dupuis,CAN,3,99.78,49.87,50.91,-1.0,,,,gpcan2023,,2.67,6.39,,,0,Composition,2324,6.0,6.5,6.25,6.25,6.5,6.25,6.75,6.5,6.5,0,women,individual
10,Sara-Maude Dupuis,CAN,3,99.78,49.87,50.91,-1.0,,,,gpcan2023,,2.67,6.39,,,0,Skating Skills,2324,6.5,6.25,6.5,6.5,6.5,6.25,6.5,6.25,6.25,0,women,individual
11,Kaiya Ruiter,CAN,4,99.62,48.7,54.92,-4.0,9.26,3Lz+3T<,1.0,gpcan2023,0.0,,6.31,-2.95,F,1,,2324,-5.0,-5.0,-5.0,-5.0,-5.0,-5.0,-5.0,-5.0,-4.0,0,women,individual
11,Kaiya Ruiter,CAN,4,99.62,48.7,54.92,-4.0,4.9,3Lo,2.0,gpcan2023,0.0,,5.81,0.91,,1,,2324,2.0,2.0,1.0,2.0,2.0,1.0,2.0,2.0,2.0,0,women,individual
11,Kaiya Ruiter,CAN,4,99.62,48.7,54.92,-4.0,9.24,3Fq+1Eu+3S<,3.0,gpcan2023,0.0,,7.04,-2.2,<,1,,2324,-5.0,-4.0,-4.0,-3.0,-1.0,-5.0,-5.0,-4.0,-4.0,0,women,individual
11,Kaiya Ruiter,CAN,4,99.62,48.7,54.92,-4.0,3.3,2A,4.0,gpcan2023,0.0,,3.72,0.42,,1,,2324,1.0,1.0,1.0,2.0,2.0,1.0,1.0,1.0,2.0,0,women,individual
11,Kaiya Ruiter,CAN,4,99.62,48.7,54.92,-4.0,3.5,FCCoSp4,5.0,gpcan2023,0.0,,4.1,0.6,,1,,2324,1.0,2.0,1.0,2.0,2.0,1.0,2.0,2.0,2.0,0,women,individual
11,Kaiya Ruiter,CAN,4,99.62,48.7,54.92,-4.0,6.02,3Lz!<+2T,6.0,gpcan2023,0.0,,4.67,-1.35,<,1,,2324,-4.0,-3.0,-2.0,-3.0,-1.0,-3.0,-4.0,-3.0,-2.0,0,women,individual
11,Kaiya Ruiter,CAN,4,99.62,48.7,54.92,-4.0,5.83,3Fq,7.0,gpcan2023,1.0,,3.18,-2.65,F,1,,2324,-5.0,-5.0,-5.0,-5.0,-5.0,-5.0,-5.0,-5.0,-5.0,0,women,individual
11,Kaiya Ruiter,CAN,4,99.62,48.7,54.92,-4.0,2.3,FSSp2,8.0,gpcan2023,0.0,,2.73,0.43,,1,,2324,3.0,2.0,1.0,2.0,1.0,2.0,2.0,2.0,2.0,0,women,individual
11,Kaiya Ruiter,CAN,4,99.62,48.7,54.92,-4.0,3.0,ChSq1,9.0,gpcan2023,0.0,,3.79,0.79,,1,,2324,2.0,2.0,2.0,1.0,1.0,1.0,2.0,1.0,2.0,0,women,individual
11,Kaiya Ruiter,CAN,4,99.62,48.7,54.92,-4.0,3.9,StSq4,10.0,gpcan2023,0.0,,4.46,0.56,,1,,2324,1.0,2.0,1.0,2.0,1.0,2.0,1.0,1.0,2.0,0,women,individual
11,Kaiya Ruiter,CAN,4,99.62,48.7,54.92,-4.0,0.0,1A<<,11.0,gpcan2023,1.0,,0.0,0.0,F,1,,2324,0.0,0.0,0.0,0.0,0.0,0.0,0.0,0.0,0.0,0,women,individual
11,Kaiya Ruiter,CAN,4,99.62,48.7,54.92,-4.0,2.5,CCoSp2,12.0,gpcan2023,0.0,,2.89,0.39,,1,,2324,3.0,2.0,1.0,2.0,1.0,1.0,2.0,1.0,2.0,0,women,individual
11,Kaiya Ruiter,CAN,4,99.62,48.7,54.92,-4.0,,,,gpcan2023,,2.67,6.93,,,0,Composition,2324,6.25,7.5,7.25,7.0,7.0,6.25,7.25,6.75,7.0,0,women,individual
11,Kaiya Ruiter,CAN,4,99.62,48.7,54.92,-4.0,,,,gpcan2023,,2.67,7.0,,,0,Skating Skills,2324,6.75,7.25,7.5,7.25,7.0,7.25,6.5,6.5,7.0,0,women,individual
12,Mae Berenice Meite,FRA,1,79.48,36.57,42.91,0.0,6.6,2A+2A+SEQ,1.0,gpcan2023,0.0,,6.88,0.28,,1,,2324,1.0,1.0,0.0,1.0,1.0,1.0,2.0,0.0,1.0,0,women,individual
12,Mae Berenice Meite,FRA,1,79.48,36.57,42.91,0.0,6.02,3Lz<+2Tq,2.0,gpcan2023,0.0,,3.86,-2.16,<,1,,2324,-5.0,-4.0,-4.0,-4.0,-5.0,-5.0,-5.0,-4.0,-5.0,0,women,individual
12,Mae Berenice Meite,FRA,1,79.48,36.57,42.91,0.0,0.5,1Lo,3.0,gpcan2023,0.0,,0.49,-0.01,,1,,2324,0.0,0.0,0.0,0.0,0.0,-1.0,0.0,-1.0,-1.0,0,women,individual
12,Mae Berenice Meite,FRA,1,79.48,36.57,42.91,0.0,6.2,3Loq+2T,4.0,gpcan2023,0.0,,5.08,-1.12,q,1,,2324,-3.0,-2.0,-3.0,-2.0,-2.0,-3.0,-2.0,-2.0,-2.0,0,women,individual
12,Mae Berenice Meite,FRA,1,79.48,36.57,42.91,0.0,2.6,StSq2,5.0,gpcan2023,0.0,,2.49,-0.11,,1,,2324,-2.0,1.0,0.0,0.0,0.0,-1.0,-1.0,0.0,-1.0,0,women,individual
12,Mae Berenice Meite,FRA,1,79.48,36.57,42.91,0.0,2.8,FCSp3,6.0,gpcan2023,0.0,,2.32,-0.48,,1,,2324,-3.0,-2.0,-1.0,-2.0,-3.0,-2.0,-1.0,0.0,-1.0,0,women,individual
12,Mae Berenice Meite,FRA,1,79.48,36.57,42.91,0.0,5.19,3Lz<,7.0,gpcan2023,1.0,,2.9,-2.29,<,1,,2324,-5.0,-5.0,-5.0,-4.0,-5.0,-5.0,-5.0,-4.0,-5.0,0,women,individual
12,Mae Berenice Meite,FRA,1,79.48,36.57,42.91,0.0,2.31,2Lz,8.0,gpcan2023,1.0,,1.83,-0.48,,1,,2324,-3.0,-2.0,-1.0,-2.0,-2.0,-3.0,-1.0,-3.0,-3.0,0,women,individual
12,Mae Berenice Meite,FRA,1,79.48,36.57,42.91,0.0,3.0,ChSq1,9.0,gpcan2023,0.0,,2.5,-0.5,,1,,2324,-2.0,1.0,0.0,0.0,-2.0,-1.0,-2.0,0.0,-2.0,0,women,individual
12,Mae Berenice Meite,FRA,1,79.48,36.57,42.91,0.0,1.98,2F,10.0,gpcan2023,1.0,,2.01,0.03,,1,,2324,0.0,0.0,0.0,1.0,0.0,0.0,1.0,0.0,0.0,0,women,individual
12,Mae Berenice Meite,FRA,1,79.48,36.57,42.91,0.0,3.5,FCCoSp4,11.0,gpcan2023,0.0,,3.6,0.1,,1,,2324,1.0,1.0,0.0,0.0,-2.0,-1.0,1.0,1.0,0.0,0,women,individual
12,Mae Berenice Meite,FRA,1,79.48,36.57,42.91,0.0,2.4,LSp3,12.0,gpcan2023,0.0,,2.61,0.21,,1,,2324,1.0,1.0,1.0,1.0,0.0,0.0,2.0,1.0,1.0,0,women,individual
12,Mae Berenice Meite,FRA,1,79.48,36.57,42.91,0.0,,,,gpcan2023,,2.67,5.32,,,0,Composition,2324,3.75,5.75,5.25,5.25,5.75,5.0,5.0,6.25,5.25,0,women,individual
12,Mae Berenice Meite,FRA,1,79.48,36.57,42.91,0.0,,,,gpcan2023,,2.67,5.5,,,0,Skating Skills,2324,5.0,5.5,4.75,5.25,5.5,6.0,5.5,6.0,5.75,0,women,individual
1,Sota Yamamoto,JPN,8,89.56,49.92,39.64,0.0,13.7,4T+3T,1.0,gpcan2023,0.0,,16.28,2.58,,1,,2324,3.0,3.0,2.0,2.0,3.0,3.0,3.0,3.0,2.0,1,men,individual
1,Sota Yamamoto,JPN,8,89.56,49.92,39.64,0.0,9.7,4Sq,2.0,gpcan2023,0.0,,7.34,-2.36,q,1,,2324,-2.0,-2.0,-2.0,-3.0,5.0,-3.0,-3.0,-2.0,-3.0,1,men,individual
1,Sota Yamamoto,JPN,8,89.56,49.92,39.64,0.0,2.8,FCSp3,3.0,gpcan2023,0.0,,2.72,-0.08,,1,,2324,1.0,-1.0,1.0,-1.0,1.0,-1.0,-3.0,-1.0,0.0,1,men,individual
1,Sota Yamamoto,JPN,8,89.56,49.92,39.64,0.0,8.8,3A,4.0,gpcan2023,1.0,,10.17,1.37,,1,,2324,3.0,2.0,2.0,1.0,2.0,2.0,2.0,1.0,1.0,1,men,individual
1,Sota Yamamoto,JPN,8,89.56,49.92,39.64,0.0,3.0,CSSp4,5.0,gpcan2023,0.0,,3.94,0.94,,1,,2324,4.0,4.0,3.0,3.0,3.0,2.0,2.0,3.0,4.0,1,men,individual
1,Sota Yamamoto,JPN,8,89.56,49.92,39.64,0.0,3.9,StSq4,6.0,gpcan2023,0.0,,5.07,1.17,,1,,2324,4.0,4.0,2.0,3.0,3.0,3.0,2.0,3.0,3.0,1,men,individual
1,Sota Yamamoto,JPN,8,89.56,49.92,39.64,0.0,3.5,CCoSp4,7.0,gpcan2023,0.0,,4.4,0.9,,1,,2324,3.0,3.0,2.0,2.0,2.0,3.0,2.0,3.0,3.0,1,men,individual
1,Sota Yamamoto,JPN,8,89.56,49.92,39.64,0.0,,,,gpcan2023,,1.67,7.82,,,0,Composition,2324,8.5,8.25,7.5,8.0,8.0,7.25,7.0,8.0,7.75,1,men,individual
1,Sota Yamamoto,JPN,8,89.56,49.92,39.64,0.0,,,,gpcan2023,,1.67,7.96,,,0,Skating Skills,2324,8.5,8.0,8.0,8.25,8.25,7.0,7.25,8.0,8.0,1,men,individual
2,Junhwan Cha,KOR,12,86.18,45.06,42.12,-1.0,11.0,4S+2T,1.0,gpcan2023,0.0,,12.94,1.94,,1,,2324,2.0,2.0,3.0,2.0,3.0,1.0,1.0,2.0,2.0,1,men,individual
2,Junhwan Cha,KOR,12,86.18,45.06,42.12,-1.0,9.5,4T,2.0,gpcan2023,0.0,,4.89,-4.61,F,1,,2324,-5.0,-5.0,-5.0,-5.0,-5.0,-5.0,-4.0,-4.0,-5.0,1,men,individual
2,Junhwan Cha,KOR,12,86.18,45.06,42.12,-1.0,3.2,FCSp4,3.0,gpcan2023,0.0,,3.79,0.59,,1,,2324,2.0,2.0,3.0,1.0,2.0,2.0,1.0,2.0,2.0,1,men,individual
2,Junhwan Cha,KOR,12,86.18,45.06,42.12,-1.0,8.8,3A,4.0,gpcan2023,1.0,,10.63,1.83,,1,,2324,2.0,2.0,2.0,2.0,3.0,2.0,3.0,3.0,2.0,1,men,individual
2,Junhwan Cha,KOR,12,86.18,45.06,42.12,-1.0,3.0,CSSp4,5.0,gpcan2023,0.0,,3.39,0.39,,1,,2324,3.0,-1.0,2.0,0.0,2.0,0.0,1.0,2.0,2.0,1,men,individual
2,Junhwan Cha,KOR,12,86.18,45.06,42.12,-1.0,3.5,CCoSp4,6.0,gpcan2023,0.0,,4.35,0.85,,1,,2324,3.0,3.0,3.0,1.0,2.0,2.0,2.0,2.0,3.0,1,men,individual
2,Junhwan Cha,KOR,12,86.18,45.06,42.12,-1.0,3.9,StSq4,7.0,gpcan2023,0.0,,5.07,1.17,,1,,2324,4.0,3.0,3.0,2.0,2.0,3.0,3.0,3.0,4.0,1,men,individual
2,Junhwan Cha,KOR,12,86.18,45.06,42.12,-1.0,,,,gpcan2023,,1.67,8.5,,,0,Composition,2324,8.5,7.75,9.0,8.5,8.5,8.75,8.25,8.25,8.75,1,men,individual
2,Junhwan Cha,KOR,12,86.18,45.06,42.12,-1.0,,,,gpcan2023,,1.67,8.43,,,0,Skating Skills,2324,8.25,8.25,9.0,8.25,8.25,8.75,8.5,8.5,8.5,1,men,individual
3,Kazuki Tomono,JPN,11,81.63,41.17,41.46,-1.0,9.5,4T,1.0,gpcan2023,0.0,,6.24,-3.26,,1,,2324,-4.0,-3.0,-4.0,-3.0,-4.0,-3.0,-4.0,-3.0,-3.0,1,men,individual
3,Kazuki Tomono,JPN,11,81.63,41.17,41.46,-1.0,11.0,4Sq+2T,2.0,gpcan2023,0.0,,9.89,-1.11,q,1,,2324,0.0,0.0,-1.0,-2.0,-2.0,-2.0,-1.0,-1.0,-1.0,1,men,individual
3,Kazuki Tomono,JPN,11,81.63,41.17,41.46,-1.0,3.2,FCSp4,3.0,gpcan2023,0.0,,3.84,0.64,,1,,2324,2.0,2.0,3.0,1.0,2.0,2.0,2.0,2.0,2.0,1,men,individual
3,Kazuki Tomono,JPN,11,81.63,41.17,41.46,-1.0,8.8,3A,4.0,gpcan2023,1.0,,10.86,2.06,,1,,2324,3.0,2.0,3.0,3.0,3.0,2.0,3.0,2.0,2.0,1,men,individual
3,Kazuki Tomono,JPN,11,81.63,41.17,41.46,-1.0,3.0,CSSp4,5.0,gpcan2023,0.0,,3.43,0.43,,1,,2324,2.0,1.0,3.0,2.0,2.0,0.0,-2.0,1.0,2.0,1,men,individual
3,Kazuki Tomono,JPN,11,81.63,41.17,41.46,-1.0,3.9,StSq4,6.0,gpcan2023,0.0,,2.56,-1.34,F,1,,2324,-3.0,-3.0,-4.0,-5.0,-5.0,-3.0,-3.0,-3.0,-2.0,1,men,individual
3,Kazuki Tomono,JPN,11,81.63,41.17,41.46,-1.0,3.5,CCoSp4,7.0,gpcan2023,0.0,,4.35,0.85,,1,,2324,3.0,3.0,3.0,3.0,3.0,1.0,2.0,0.0,2.0,1,men,individual
3,Kazuki Tomono,JPN,11,81.63,41.17,41.46,-1.0,,,,gpcan2023,,1.67,8.29,,,0,Composition,2324,8.25,8.75,8.5,8.5,8.0,7.75,8.0,8.5,8.25,1,men,individual
3,Kazuki Tomono,JPN,11,81.63,41.17,41.46,-1.0,,,,gpcan2023,,1.67,8.25,,,0,Skating Skills,2324,8.25,8.5,8.5,8.0,8.0,8.25,8.0,8.5,8.25,1,men,individual
4,Kao Miura,JPN,9,80.8,40.6,40.2,0.0,13.9,4S+3T,1.0,gpcan2023,0.0,,15.7,1.8,,1,,2324,2.0,1.0,2.0,3.0,3.0,1.0,2.0,1.0,2.0,1,men,individual
4,Kao Miura,JPN,9,80.8,40.6,40.2,0.0,8.0,3A,2.0,gpcan2023,0.0,,9.37,1.37,,1,,2324,2.0,1.0,2.0,2.0,2.0,1.0,2.0,0.0,2.0,1,men,individual
4,Kao Miura,JPN,9,80.8,40.6,40.2,0.0,3.2,FCSp4,3.0,gpcan2023,0.0,,3.57,0.37,,1,,2324,2.0,1.0,1.0,0.0,2.0,2.0,1.0,0.0,1.0,1,men,individual
4,Kao Miura,JPN,9,80.8,40.6,40.2,0.0,0.0,2T*,4.0,gpcan2023,1.0,,0.0,0.0,*,1,,2324,0.0,0.0,0.0,0.0,0.0,0.0,0.0,0.0,0.0,1,men,individual
4,Kao Miura,JPN,9,80.8,40.6,40.2,0.0,3.9,StSq4,5.0,gpcan2023,0.0,,5.07,1.17,,1,,2324,3.0,3.0,3.0,2.0,3.0,3.0,3.0,3.0,3.0,1,men,individual
4,Kao Miura,JPN,9,80.8,40.6,40.2,0.0,3.5,CCoSp4,6.0,gpcan2023,0.0,,4.25,0.75,,1,,2324,3.0,2.0,3.0,2.0,2.0,2.0,2.0,2.0,1.0,1,men,individual
4,Kao Miura,JPN,9,80.8,40.6,40.2,0.0,2.6,CSSp3,7.0,gpcan2023,0.0,,2.64,0.04,,1,,2324,0.0,0.0,2.0,-1.0,2.0,0.0,-1.0,-1.0,1.0,1,men,individual
4,Kao Miura,JPN,9,80.8,40.6,40.2,0.0,,,,gpcan2023,,1.67,8.11,,,0,Composition,2324,8.25,8.0,8.25,8.25,8.0,8.0,8.0,8.25,8.0,1,men,individual
4,Kao Miura,JPN,9,80.8,40.6,40.2,0.0,,,,gpcan2023,,1.67,8.07,,,0,Skating Skills,2324,8.25,8.5,8.25,7.75,7.75,8.0,8.25,8.0,8.0,1,men,individual
5,Mikhail Shaidorov,KAZ,5,79.18,44.76,34.42,0.0,11.5,4Lzq,1.0,gpcan2023,0.0,,9.86,-1.64,q,1,,2324,-1.0,-2.0,-1.0,-2.0,-3.0,-2.0,-1.0,-1.0,0.0,1,men,individual
5,Mikhail Shaidorov,KAZ,5,79.18,44.76,34.42,0.0,8.0,3A,2.0,gpcan2023,0.0,,9.71,1.71,,1,,2324,2.0,2.0,3.0,2.0,2.0,2.0,2.0,1.0,3.0,1,men,individual
5,Mikhail Shaidorov,KAZ,5,79.18,44.76,34.42,0.0,3.2,CCSp4,3.0,gpcan2023,0.0,,3.06,-0.14,,1,,2324,-1.0,0.0,0.0,0.0,2.0,-1.0,-1.0,-1.0,0.0,1,men,individual
5,Mikhail Shaidorov,KAZ,5,79.18,44.76,34.42,0.0,11.88,4T+2T,4.0,gpcan2023,1.0,,12.02,0.14,,1,,2324,1.0,0.0,0.0,0.0,1.0,0.0,0.0,0.0,0.0,1,men,individual
5,Mikhail Shaidorov,KAZ,5,79.18,44.76,34.42,0.0,2.6,FSSp3,5.0,gpcan2023,0.0,,2.64,0.04,,1,,2324,-1.0,0.0,0.0,0.0,1.0,0.0,0.0,0.0,1.0,1,men,individual
5,Mikhail Shaidorov,KAZ,5,79.18,44.76,34.42,0.0,3.3,StSq3,6.0,gpcan2023,0.0,,3.77,0.47,,1,,2324,2.0,1.0,2.0,1.0,2.0,1.0,2.0,1.0,1.0,1,men,individual
5,Mikhail Shaidorov,KAZ,5,79.18,44.76,34.42,0.0,3.5,CCoSp4,7.0,gpcan2023,0.0,,3.7,0.2,,1,,2324,1.0,0.0,1.0,-1.0,1.0,1.0,0.0,0.0,2.0,1,men,individual
5,Mikhail Shaidorov,KAZ,5,79.18,44.76,34.42,0.0,,,,gpcan2023,,1.67,7.04,,,0,Composition,2324,6.75,6.75,7.75,7.0,7.0,7.0,7.25,6.75,7.5,1,men,individual
5,Mikhail Shaidorov,KAZ,5,79.18,44.76,34.42,0.0,,,,gpcan2023,,1.67,6.82,,,0,Skating Skills,2324,6.75,6.75,7.25,6.75,6.75,6.75,7.0,6.75,7.0,1,men,individual
6,Conrad Orzel,CAN,1,77.68,42.54,36.14,-1.0,11.0,4S+2T,1.0,gpcan2023,0.0,,11.69,0.69,,1,,2324,1.0,2.0,0.0,0.0,0.0,1.0,1.0,1.0,1.0,1,men,individual
6,Conrad Orzel,CAN,1,77.68,42.54,36.14,-1.0,9.5,4T,2.0,gpcan2023,0.0,,11.4,1.9,,1,,2324,2.0,2.0,2.0,2.0,2.0,2.0,3.0,2.0,2.0,1,men,individual
6,Conrad Orzel,CAN,1,77.68,42.54,36.14,-1.0,3.0,CSSp4,3.0,gpcan2023,0.0,,3.34,0.34,,1,,2324,1.0,1.0,1.0,1.0,1.0,1.0,2.0,1.0,2.0,1,men,individual
6,Conrad Orzel,CAN,1,77.68,42.54,36.14,-1.0,8.8,3Aq,4.0,gpcan2023,1.0,,4.8,-4.0,F,1,,2324,-5.0,-5.0,-5.0,-5.0,-5.0,-5.0,-5.0,-5.0,-5.0,1,men,individual
6,Conrad Orzel,CAN,1,77.68,42.54,36.14,-1.0,3.3,StSq3,5.0,gpcan2023,0.0,,3.68,0.38,,1,,2324,2.0,1.0,1.0,1.0,2.0,1.0,1.0,1.0,1.0,1,men,individual
6,Conrad Orzel,CAN,1,77.68,42.54,36.14,-1.0,2.8,FCSp3,6.0,gpcan2023,0.0,,3.28,0.48,,1,,2324,1.0,2.0,1.0,2.0,2.0,2.0,1.0,2.0,2.0,1,men,individual
6,Conrad Orzel,CAN,1,77.68,42.54,36.14,-1.0,3.5,CCoSp4,7.0,gpcan2023,0.0,,4.35,0.85,,1,,2324,3.0,3.0,1.0,3.0,2.0,2.0,2.0,3.0,2.0,1,men,individual
6,Conrad Orzel,CAN,1,77.68,42.54,36.14,-1.0,,,,gpcan2023,,1.67,7.21,,,0,Composition,2324,6.75,7.0,7.25,7.75,7.5,6.5,7.5,7.25,7.25,1,men,individual
6,Conrad Orzel,CAN,1,77.68,42.54,36.14,-1.0,,,,gpcan2023,,1.67,7.25,,,0,Skating Skills,2324,7.25,7.25,7.25,7.5,7.75,6.75,7.5,7.0,7.0,1,men,individual
7,Wesley Chiu,CAN,6,76.94,40.55,37.39,-1.0,13.7,4T+3T,1.0,gpcan2023,0.0,,13.56,-0.14,,1,,2324,1.0,0.0,-1.0,0.0,0.0,-1.0,-1.0,0.0,1.0,1,men,individual
7,Wesley Chiu,CAN,6,76.94,40.55,37.39,-1.0,8.0,3A,2.0,gpcan2023,0.0,,4.0,-4.0,F,1,,2324,-5.0,-5.0,-5.0,-5.0,-5.0,-5.0,-5.0,-5.0,-5.0,1,men,individual
7,Wesley Chiu,CAN,6,76.94,40.55,37.39,-1.0,3.2,CCSp4,3.0,gpcan2023,0.0,,3.47,0.27,,1,,2324,3.0,1.0,2.0,0.0,2.0,-1.0,-1.0,0.0,2.0,1,men,individual
7,Wesley Chiu,CAN,6,76.94,40.55,37.39,-1.0,6.49,3Lz,4.0,gpcan2023,1.0,,7.67,1.18,,1,,2324,2.0,2.0,2.0,2.0,2.0,2.0,2.0,3.0,2.0,1,men,individual
7,Wesley Chiu,CAN,6,76.94,40.55,37.39,-1.0,3.9,StSq4,5.0,gpcan2023,0.0,,4.79,0.89,,1,,2324,3.0,3.0,1.0,2.0,2.0,2.0,2.0,2.0,3.0,1,men,individual
7,Wesley Chiu,CAN,6,76.94,40.55,37.39,-1.0,2.6,FSSp3,6.0,gpcan2023,0.0,,3.01,0.41,,1,,2324,2.0,2.0,2.0,1.0,2.0,1.0,1.0,1.0,3.0,1,men,individual
7,Wesley Chiu,CAN,6,76.94,40.55,37.39,-1.0,3.5,CCoSp4,7.0,gpcan2023,0.0,,4.05,0.55,,1,,2324,3.0,1.0,2.0,1.0,2.0,1.0,1.0,2.0,2.0,1,men,individual
7,Wesley Chiu,CAN,6,76.94,40.55,37.39,-1.0,,,,gpcan2023,,1.67,7.54,,,0,Composition,2324,7.75,7.75,7.75,7.25,7.5,7.25,7.25,8.0,7.5,1,men,individual
7,Wesley Chiu,CAN,6,76.94,40.55,37.39,-1.0,,,,gpcan2023,,1.67,7.39,,,0,Skating Skills,2324,7.5,7.75,7.5,7.0,7.25,6.75,7.25,7.75,7.5,1,men,individual
8,Matteo Rizzo,ITA,10,74.99,35.79,39.2,0.0,8.9,4T<+2T,1.0,gpcan2023,0.0,,6.08,-2.82,<,1,,2324,-4.0,-5.0,-5.0,-4.0,-2.0,-3.0,-3.0,-3.0,-4.0,1,men,individual
8,Matteo Rizzo,ITA,10,74.99,35.79,39.2,0.0,8.4,4Lo<,2.0,gpcan2023,0.0,,4.2,-4.2,<,1,,2324,-5.0,-5.0,-5.0,-5.0,-4.0,-5.0,-5.0,-5.0,-5.0,1,men,individual
8,Matteo Rizzo,ITA,10,74.99,35.79,39.2,0.0,3.5,CCoSp4,3.0,gpcan2023,0.0,,4.15,0.65,,1,,2324,2.0,2.0,2.0,2.0,1.0,2.0,2.0,2.0,1.0,1,men,individual
8,Matteo Rizzo,ITA,10,74.99,35.79,39.2,0.0,8.8,3A,4.0,gpcan2023,1.0,,10.63,1.83,,1,,2324,3.0,2.0,3.0,1.0,2.0,2.0,3.0,3.0,1.0,1,men,individual
8,Matteo Rizzo,ITA,10,74.99,35.79,39.2,0.0,3.3,StSq3,5.0,gpcan2023,0.0,,4.24,0.94,,1,,2324,3.0,3.0,3.0,3.0,3.0,2.0,3.0,3.0,2.0,1,men,individual
8,Matteo Rizzo,ITA,10,74.99,35.79,39.2,0.0,2.8,CCSp3,6.0,gpcan2023,0.0,,3.32,0.52,,1,,2324,2.0,2.0,2.0,0.0,2.0,2.0,2.0,1.0,2.0,1,men,individual
8,Matteo Rizzo,ITA,10,74.99,35.79,39.2,0.0,3.0,FSSp4,7.0,gpcan2023,0.0,,3.17,0.17,,1,,2324,1.0,0.0,1.0,0.0,0.0,1.0,1.0,0.0,1.0,1,men,individual
8,Matteo Rizzo,ITA,10,74.99,35.79,39.2,0.0,,,,gpcan2023,,1.67,7.79,,,0,Composition,2324,7.75,7.75,8.25,8.0,7.75,7.5,7.5,8.25,7.5,1,men,individual
8,Matteo Rizzo,ITA,10,74.99,35.79,39.2,0.0,,,,gpcan2023,,1.67,7.79,,,0,Skating Skills,2324,7.75,8.25,8.25,7.75,8.0,7.25,7.75,7.75,7.25,1,men,individual
9,Aleksa Rakic,CAN,2,72.56,38.49,35.07,-1.0,9.5,4T,1.0,gpcan2023,0.0,,4.75,-4.75,F,1,,2324,-5.0,-5.0,-5.0,-5.0,-5.0,-5.0,-5.0,-5.0,-5.0,1,men,individual
9,Aleksa Rakic,CAN,2,72.56,38.49,35.07,-1.0,8.0,3A,2.0,gpcan2023,0.0,,8.8,0.8,,1,,2324,1.0,1.0,1.0,0.0,1.0,1.0,1.0,1.0,1.0,1,men,individual
9,Aleksa Rakic,CAN,2,72.56,38.49,35.07,-1.0,3.2,CCSp4,3.0,gpcan2023,0.0,,3.89,0.69,,1,,2324,3.0,2.0,3.0,2.0,2.0,2.0,2.0,2.0,2.0,1,men,individual
9,Aleksa Rakic,CAN,2,72.56,38.49,35.07,-1.0,10.45,3F+3Tq,4.0,gpcan2023,1.0,,9.39,-1.06,q,1,,2324,-2.0,-2.0,-2.0,-2.0,-2.0,-2.0,-2.0,-2.0,-2.0,1,men,individual
9,Aleksa Rakic,CAN,2,72.56,38.49,35.07,-1.0,3.5,CCoSp4,5.0,gpcan2023,0.0,,4.05,0.55,,1,,2324,2.0,2.0,2.0,1.0,1.0,1.0,1.0,2.0,2.0,1,men,individual
9,Aleksa Rakic,CAN,2,72.56,38.49,35.07,-1.0,3.9,StSq4,6.0,gpcan2023,0.0,,4.68,0.78,,1,,2324,2.0,2.0,2.0,2.0,2.0,2.0,2.0,1.0,2.0,1,men,individual
9,Aleksa Rakic,CAN,2,72.56,38.49,35.07,-1.0,2.6,FSSp3,7.0,gpcan2023,0.0,,2.93,0.33,,1,,2324,1.0,1.0,1.0,2.0,2.0,0.0,1.0,2.0,1.0,1,men,individual
9,Aleksa Rakic,CAN,2,72.56,38.49,35.07,-1.0,,,,gpcan2023,,1.67,7.04,,,0,Composition,2324,7.0,6.75,7.25,7.0,6.75,7.25,6.5,7.5,7.25,1,men,individual
9,Aleksa Rakic,CAN,2,72.56,38.49,35.07,-1.0,,,,gpcan2023,,1.67,6.96,,,0,Skating Skills,2324,7.0,6.5,7.0,7.0,7.0,7.25,6.75,7.0,7.0,1,men,individual
10,Liam Kapeikis,USA,3,71.59,34.2,37.39,0.0,5.3,3F,1.0,gpcan2023,0.0,,6.74,1.44,,1,,2324,2.0,3.0,3.0,3.0,3.0,3.0,3.0,2.0,2.0,1,men,individual
10,Liam Kapeikis,USA,3,71.59,34.2,37.39,0.0,8.0,3Aq,2.0,gpcan2023,0.0,,4.11,-3.89,q,1,,2324,-5.0,-5.0,-5.0,-5.0,-4.0,-5.0,-5.0,-4.0,-5.0,1,men,individual
10,Liam Kapeikis,USA,3,71.59,34.2,37.39,0.0,3.0,FSSp4,3.0,gpcan2023,0.0,,3.81,0.81,,1,,2324,3.0,3.0,3.0,3.0,2.0,3.0,2.0,2.0,3.0,1,men,individual
10,Liam Kapeikis,USA,3,71.59,34.2,37.39,0.0,7.2,3Lz+2T,4.0,gpcan2023,0.0,,6.27,-0.93,,1,,2324,-2.0,-2.0,-2.0,0.0,-2.0,-2.0,-1.0,-1.0,-1.0,1,men,individual
10,Liam Kapeikis,USA,3,71.59,34.2,37.39,0.0,3.2,CCSp4,5.0,gpcan2023,0.0,,3.7,0.5,,1,,2324,-1.0,2.0,3.0,2.0,2.0,2.0,-1.0,2.0,2.0,1,men,individual
10,Liam Kapeikis,USA,3,71.59,34.2,37.39,0.0,3.9,StSq4,6.0,gpcan2023,0.0,,5.07,1.17,,1,,2324,2.0,3.0,3.0,3.0,3.0,3.0,3.0,3.0,3.0,1,men,individual
10,Liam Kapeikis,USA,3,71.59,34.2,37.39,0.0,3.5,CCoSp4,7.0,gpcan2023,0.0,,4.5,1.0,,1,,2324,2.0,3.0,3.0,3.0,3.0,3.0,2.0,3.0,4.0,1,men,individual
10,Liam Kapeikis,USA,3,71.59,34.2,37.39,0.0,,,,gpcan2023,,1.67,7.57,,,0,Composition,2324,7.0,7.5,7.75,8.0,7.75,7.25,7.5,7.5,7.75,1,men,individual
10,Liam Kapeikis,USA,3,71.59,34.2,37.39,0.0,,,,gpcan2023,,1.67,7.39,,,0,Skating Skills,2324,7.0,7.0,7.75,7.75,7.75,7.5,7.25,7.25,7.25,1,men,individual
11,Mark Gorodnitsky,ISR,4,70.69,34.62,36.07,0.0,8.0,3A,1.0,gpcan2023,0.0,,10.06,2.06,,1,,2324,3.0,3.0,3.0,2.0,2.0,2.0,2.0,3.0,3.0,1,men,individual
11,Mark Gorodnitsky,ISR,4,70.69,34.62,36.07,0.0,9.5,3F+3T,2.0,gpcan2023,0.0,,10.71,1.21,,1,,2324,3.0,2.0,3.0,2.0,1.0,1.0,3.0,2.0,3.0,1,men,individual
11,Mark Gorodnitsky,ISR,4,70.69,34.62,36.07,0.0,3.2,FCSp4,3.0,gpcan2023,0.0,,3.75,0.55,,1,,2324,2.0,1.0,2.0,1.0,1.0,2.0,2.0,2.0,2.0,1,men,individual
11,Mark Gorodnitsky,ISR,4,70.69,34.62,36.07,0.0,0.0,2Lz!*,4.0,gpcan2023,1.0,,0.0,0.0,*,1,,2324,0.0,0.0,0.0,0.0,0.0,0.0,0.0,0.0,0.0,1,men,individual
11,Mark Gorodnitsky,ISR,4,70.69,34.62,36.07,0.0,3.3,StSq3,5.0,gpcan2023,0.0,,3.91,0.61,,1,,2324,1.0,2.0,2.0,1.0,2.0,2.0,2.0,2.0,2.0,1,men,individual
11,Mark Gorodnitsky,ISR,4,70.69,34.62,36.07,0.0,3.0,CCoSp3,6.0,gpcan2023,0.0,,3.26,0.26,,1,,2324,1.0,0.0,2.0,0.0,1.0,0.0,1.0,2.0,1.0,1,men,individual
11,Mark Gorodnitsky,ISR,4,70.69,34.62,36.07,0.0,2.6,CSSp3,7.0,gpcan2023,0.0,,2.93,0.33,,1,,2324,0.0,1.0,3.0,1.0,1.0,1.0,1.0,2.0,2.0,1,men,individual
11,Mark Gorodnitsky,ISR,4,70.69,34.62,36.07,0.0,,,,gpcan2023,,1.67,7.21,,,0,Composition,2324,7.0,6.75,7.75,7.25,7.25,6.75,7.25,7.5,7.5,1,men,individual
11,Mark Gorodnitsky,ISR,4,70.69,34.62,36.07,0.0,,,,gpcan2023,,1.67,7.07,,,0,Skating Skills,2324,6.75,7.0,7.75,7.0,7.0,7.0,7.25,7.0,7.25,1,men,individual
12,Mihhail Selevko,EST,7,70.18,33.78,37.4,-1.0,9.5,4T,1.0,gpcan2023,0.0,,4.75,-4.75,F,1,,2324,-5.0,-5.0,-5.0,-5.0,-5.0,-5.0,-5.0,-5.0,-5.0,1,men,individual
12,Mihhail Selevko,EST,7,70.18,33.78,37.4,-1.0,10.1,3Lz+3T,2.0,gpcan2023,0.0,,10.61,0.51,,1,,2324,2.0,2.0,2.0,0.0,0.0,1.0,0.0,0.0,1.0,1,men,individual
12,Mihhail Selevko,EST,7,70.18,33.78,37.4,-1.0,3.5,CCoSp4,3.0,gpcan2023,0.0,,4.25,0.75,,1,,2324,3.0,2.0,2.0,3.0,2.0,2.0,2.0,2.0,2.0,1,men,individual
12,Mihhail Selevko,EST,7,70.18,33.78,37.4,-1.0,3.63,2A,4.0,gpcan2023,1.0,,3.77,0.14,,1,,2324,2.0,0.0,0.0,1.0,0.0,2.0,0.0,0.0,0.0,1,men,individual
12,Mihhail Selevko,EST,7,70.18,33.78,37.4,-1.0,3.0,FSSp4,5.0,gpcan2023,0.0,,3.51,0.51,,1,,2324,2.0,2.0,2.0,2.0,1.0,2.0,0.0,1.0,2.0,1,men,individual
12,Mihhail Selevko,EST,7,70.18,33.78,37.4,-1.0,3.3,StSq3,6.0,gpcan2023,0.0,,4.05,0.75,,1,,2324,2.0,2.0,2.0,3.0,2.0,3.0,3.0,1.0,2.0,1,men,individual
12,Mihhail Selevko,EST,7,70.18,33.78,37.4,-1.0,2.8,CCSp3,7.0,gpcan2023,0.0,,2.84,0.04,,1,,2324,2.0,-1.0,0.0,1.0,1.0,0.0,0.0,-1.0,0.0,1,men,individual
12,Mihhail Selevko,EST,7,70.18,33.78,37.4,-1.0,,,,gpcan2023,,1.67,7.57,,,0,Composition,2324,8.0,7.25,7.75,7.5,7.75,7.75,7.75,6.5,7.25,1,men,individual
12,Mihhail Selevko,EST,7,70.18,33.78,37.4,-1.0,,,,gpcan2023,,1.67,7.54,,,0,Skating Skills,2324,7.75,7.5,7.75,7.75,7.75,7.5,7.5,6.75,7.0,1,men,individual
1,Kaori Sakamoto,JPN,12,75.13,39.65,35.48,0.0,3.3,2A,1.0,gpcan2023,0.0,,4.67,1.37,,1,,2324,4.0,4.0,5.0,4.0,3.0,4.0,5.0,3.0,5.0,1,women,individual
1,Kaori Sakamoto,JPN,12,75.13,39.65,35.48,0.0,5.9,3Lz!,2.0,gpcan2023,0.0,,6.24,0.34,!,1,,2324,-1.0,1.0,1.0,0.0,0.0,1.0,1.0,0.0,2.0,1,women,individual
1,Kaori Sakamoto,JPN,12,75.13,39.65,35.48,0.0,3.2,FCSp4,3.0,gpcan2023,0.0,,4.11,0.91,,1,,2324,3.0,2.0,3.0,3.0,2.0,3.0,3.0,3.0,3.0,1,women,individual
1,Kaori Sakamoto,JPN,12,75.13,39.65,35.48,0.0,10.45,3F+3T,4.0,gpcan2023,1.0,,11.74,1.29,,1,,2324,2.0,3.0,3.0,3.0,2.0,2.0,2.0,3.0,2.0,1,women,individual
1,Kaori Sakamoto,JPN,12,75.13,39.65,35.48,0.0,2.7,LSp4,5.0,gpcan2023,0.0,,3.7,1.0,,1,,2324,4.0,3.0,4.0,4.0,3.0,4.0,4.0,4.0,3.0,1,women,individual
1,Kaori Sakamoto,JPN,12,75.13,39.65,35.48,0.0,3.9,StSq4,6.0,gpcan2023,0.0,,5.29,1.39,,1,,2324,3.0,4.0,4.0,3.0,3.0,4.0,4.0,4.0,3.0,1,women,individual
1,Kaori Sakamoto,JPN,12,75.13,39.65,35.48,0.0,3.0,CCoSp3,7.0,gpcan2023,0.0,,3.9,0.9,,1,,2324,4.0,3.0,4.0,3.0,3.0,3.0,2.0,3.0,2.0,1,women,individual
1,Kaori Sakamoto,JPN,12,75.13,39.65,35.48,0.0,,,,gpcan2023,,1.33,8.86,,,0,Composition,2324,8.75,9.0,9.25,8.75,8.75,8.75,9.0,9.0,8.5,1,women,individual
1,Kaori Sakamoto,JPN,12,75.13,39.65,35.48,0.0,,,,gpcan2023,,1.33,8.96,,,0,Skating Skills,2324,8.75,9.0,9.5,9.0,9.0,9.0,9.0,9.0,8.75,1,women,individual
2,Chaeyeon Kim,KOR,10,70.31,38.3,32.01,0.0,3.3,2A,1.0,gpcan2023,0.0,,4.15,0.85,,1,,2324,2.0,2.0,2.0,3.0,2.0,3.0,3.0,3.0,3.0,1,women,individual
2,Chaeyeon Kim,KOR,10,70.31,38.3,32.01,0.0,10.1,3Lz+3T,2.0,gpcan2023,0.0,,11.28,1.18,,1,,2324,2.0,2.0,2.0,2.0,3.0,2.0,2.0,2.0,2.0,1,women,individual
2,Chaeyeon Kim,KOR,10,70.31,38.3,32.01,0.0,3.2,FCSp4,3.0,gpcan2023,0.0,,4.02,0.82,,1,,2324,3.0,2.0,2.0,3.0,3.0,2.0,3.0,3.0,2.0,1,women,individual
2,Chaeyeon Kim,KOR,10,70.31,38.3,32.01,0.0,5.83,3F!,4.0,gpcan2023,1.0,,6.28,0.45,!,1,,2324,1.0,1.0,1.0,0.0,-1.0,2.0,1.0,0.0,2.0,1,women,individual
2,Chaeyeon Kim,KOR,10,70.31,38.3,32.01,0.0,2.4,LSp3,5.0,gpcan2023,0.0,,2.98,0.58,,1,,2324,3.0,2.0,2.0,3.0,2.0,3.0,2.0,3.0,1.0,1,women,individual
2,Chaeyeon Kim,KOR,10,70.31,38.3,32.01,0.0,3.9,StSq4,6.0,gpcan2023,0.0,,5.29,1.39,,1,,2324,4.0,3.0,3.0,4.0,3.0,4.0,3.0,4.0,4.0,1,women,individual
2,Chaeyeon Kim,KOR,10,70.31,38.3,32.01,0.0,3.5,CCoSp4,7.0,gpcan2023,0.0,,4.3,0.8,,1,,2324,4.0,2.0,0.0,3.0,3.0,2.0,3.0,3.0,0.0,1,women,individual
2,Chaeyeon Kim,KOR,10,70.31,38.3,32.01,0.0,,,,gpcan2023,,1.33,8.0,,,0,Composition,2324,8.5,7.75,7.75,7.75,7.75,8.25,8.25,8.25,8.0,1,women,individual
2,Chaeyeon Kim,KOR,10,70.31,38.3,32.01,0.0,,,,gpcan2023,,1.33,8.18,,,0,Skating Skills,2324,8.5,8.0,8.5,8.0,8.0,8.25,8.0,8.0,8.5,1,women,individual
3,Rino Matsuike,JPN,3,66.29,34.84,31.45,0.0,3.3,2A,1.0,gpcan2023,0.0,,4.34,1.04,,1,,2324,3.0,2.0,4.0,3.0,3.0,3.0,3.0,3.0,4.0,1,women,individual
3,Rino Matsuike,JPN,3,66.29,34.84,31.45,0.0,5.3,3F,2.0,gpcan2023,0.0,,6.74,1.44,,1,,2324,2.0,2.0,3.0,3.0,3.0,3.0,2.0,3.0,3.0,1,women,individual
3,Rino Matsuike,JPN,3,66.29,34.84,31.45,0.0,2.8,FCSp3,3.0,gpcan2023,0.0,,3.16,0.36,,1,,2324,1.0,0.0,1.0,1.0,0.0,0.0,4.0,4.0,2.0,1,women,individual
3,Rino Matsuike,JPN,3,66.29,34.84,31.45,0.0,10.19,3Lz!q+3T<,4.0,gpcan2023,1.0,,7.75,-2.44,<,1,,2324,-5.0,-4.0,-5.0,-4.0,-5.0,-4.0,-3.0,-4.0,-2.0,1,women,individual
3,Rino Matsuike,JPN,3,66.29,34.84,31.45,0.0,3.9,StSq4,5.0,gpcan2023,0.0,,5.07,1.17,,1,,2324,3.0,2.0,3.0,3.0,4.0,3.0,3.0,3.0,3.0,1,women,individual
3,Rino Matsuike,JPN,3,66.29,34.84,31.45,0.0,3.5,CCoSp4,6.0,gpcan2023,0.0,,4.35,0.85,,1,,2324,3.0,2.0,2.0,2.0,2.0,3.0,2.0,3.0,3.0,1,women,individual
3,Rino Matsuike,JPN,3,66.29,34.84,31.45,0.0,2.7,LSp4,7.0,gpcan2023,0.0,,3.43,0.73,,1,,2324,3.0,1.0,3.0,2.0,3.0,3.0,2.0,3.0,3.0,1,women,individual
3,Rino Matsuike,JPN,3,66.29,34.84,31.45,0.0,,,,gpcan2023,,1.33,7.86,,,0,Composition,2324,7.75,7.25,9.0,7.0,8.5,7.5,8.0,8.0,8.0,1,women,individual
3,Rino Matsuike,JPN,3,66.29,34.84,31.45,0.0,,,,gpcan2023,,1.33,7.86,,,0,Skating Skills,2324,7.75,7.25,9.0,7.25,8.5,7.75,7.75,8.25,7.75,1,women,individual
4,Audrey Shin,USA,8,65.19,35.32,29.87,0.0,8.4,3T+3T,1.0,gpcan2023,0.0,,9.3,0.9,,1,,2324,2.0,2.0,2.0,2.0,2.0,2.0,3.0,3.0,2.0,1,women,individual
4,Audrey Shin,USA,8,65.19,35.32,29.87,0.0,3.3,2A,2.0,gpcan2023,0.0,,3.77,0.47,,1,,2324,2.0,1.0,1.0,2.0,2.0,1.0,2.0,1.0,1.0,1,women,individual
4,Audrey Shin,USA,8,65.19,35.32,29.87,0.0,2.7,LSp4,3.0,gpcan2023,0.0,,3.28,0.58,,1,,2324,2.0,1.0,3.0,2.0,2.0,3.0,2.0,2.0,2.0,1,women,individual
4,Audrey Shin,USA,8,65.19,35.32,29.87,0.0,5.39,3Lo,4.0,gpcan2023,1.0,,6.3,0.91,,1,,2324,2.0,2.0,1.0,2.0,1.0,2.0,3.0,2.0,2.0,1,women,individual
4,Audrey Shin,USA,8,65.19,35.32,29.87,0.0,3.2,FCSp4,5.0,gpcan2023,0.0,,3.98,0.78,,1,,2324,4.0,2.0,1.0,2.0,2.0,3.0,2.0,3.0,3.0,1,women,individual
4,Audrey Shin,USA,8,65.19,35.32,29.87,0.0,3.9,StSq4,6.0,gpcan2023,0.0,,4.79,0.89,,1,,2324,3.0,2.0,3.0,3.0,2.0,2.0,2.0,2.0,2.0,1,women,individual
4,Audrey Shin,USA,8,65.19,35.32,29.87,0.0,3.5,CCoSp4,7.0,gpcan2023,0.0,,3.9,0.4,,1,,2324,3.0,0.0,0.0,2.0,1.0,0.0,2.0,2.0,1.0,1,women,individual
4,Audrey Shin,USA,8,65.19,35.32,29.87,0.0,,,,gpcan2023,,1.33,7.46,,,0,Composition,2324,8.0,7.25,7.5,7.5,7.25,7.5,7.75,7.5,7.0,1,women,individual
4,Audrey Shin,USA,8,65.19,35.32,29.87,0.0,,,,gpcan2023,,1.33,7.43,,,0,Skating Skills,2324,8.0,7.5,7.0,7.5,7.25,7.5,7.75,7.5,6.75,1,women,individual
5,Lindsay Thorngren,USA,7,61.99,32.17,29.82,0.0,9.26,3Lz+3T<,1.0,gpcan2023,0.0,,7.91,-1.35,<,1,,2324,-2.0,-2.0,-1.0,-2.0,-3.0,-3.0,-3.0,-2.0,-2.0,1,women,individual
5,Lindsay Thorngren,USA,7,61.99,32.17,29.82,0.0,3.3,2A,2.0,gpcan2023,0.0,,4.05,0.75,,1,,2324,2.0,1.0,3.0,3.0,2.0,2.0,3.0,2.0,2.0,1,women,individual
5,Lindsay Thorngren,USA,7,61.99,32.17,29.82,0.0,3.2,FCSp4,3.0,gpcan2023,0.0,,3.93,0.73,,1,,2324,2.0,2.0,2.0,3.0,2.0,2.0,3.0,3.0,2.0,1,women,individual
5,Lindsay Thorngren,USA,7,61.99,32.17,29.82,0.0,5.83,3F!q,4.0,gpcan2023,1.0,,4.92,-0.91,!,1,,2324,-3.0,-1.0,-2.0,-3.0,-2.0,-1.0,-1.0,0.0,-2.0,1,women,individual
5,Lindsay Thorngren,USA,7,61.99,32.17,29.82,0.0,2.4,LSp3,5.0,gpcan2023,0.0,,3.19,0.79,,1,,2324,3.0,2.0,3.0,3.0,3.0,4.0,4.0,4.0,3.0,1,women,individual
5,Lindsay Thorngren,USA,7,61.99,32.17,29.82,0.0,3.3,StSq3,6.0,gpcan2023,0.0,,4.1,0.8,,1,,2324,3.0,2.0,2.0,3.0,3.0,2.0,2.0,3.0,2.0,1,women,individual
5,Lindsay Thorngren,USA,7,61.99,32.17,29.82,0.0,3.0,CCoSp3,7.0,gpcan2023,0.0,,4.07,1.07,,1,,2324,4.0,2.0,3.0,4.0,3.0,4.0,5.0,4.0,3.0,1,women,individual
5,Lindsay Thorngren,USA,7,61.99,32.17,29.82,0.0,,,,gpcan2023,,1.33,7.46,,,0,Composition,2324,8.25,7.25,7.25,7.5,7.5,7.5,7.5,7.75,7.0,1,women,individual
5,Lindsay Thorngren,USA,7,61.99,32.17,29.82,0.0,,,,gpcan2023,,1.33,7.64,,,0,Skating Skills,2324,7.75,7.5,7.75,7.75,7.75,7.75,7.25,7.75,7.25,1,women,individual
6,Starr Andrews,USA,5,61.07,32.15,28.92,0.0,8.4,3T+3T,1.0,gpcan2023,0.0,,9.12,0.72,,1,,2324,1.0,1.0,1.0,2.0,2.0,0.0,3.0,3.0,2.0,1,women,individual
6,Starr Andrews,USA,5,61.07,32.15,28.92,0.0,3.3,2A,2.0,gpcan2023,0.0,,3.87,0.57,,1,,2324,1.0,1.0,2.0,2.0,2.0,1.0,2.0,2.0,2.0,1,women,individual
6,Starr Andrews,USA,5,61.07,32.15,28.92,0.0,2.6,FSSp3,3.0,gpcan2023,0.0,,3.12,0.52,,1,,2324,2.0,2.0,2.0,2.0,2.0,0.0,2.0,2.0,2.0,1,women,individual
6,Starr Andrews,USA,5,61.07,32.15,28.92,0.0,5.39,3Lo,4.0,gpcan2023,1.0,,5.04,-0.35,,1,,2324,-1.0,-1.0,0.0,0.0,-1.0,-1.0,-2.0,1.0,-1.0,1,women,individual
6,Starr Andrews,USA,5,61.07,32.15,28.92,0.0,3.5,CCoSp4,5.0,gpcan2023,0.0,,4.5,1.0,,1,,2324,3.0,3.0,3.0,2.0,3.0,3.0,3.0,2.0,3.0,1,women,individual
6,Starr Andrews,USA,5,61.07,32.15,28.92,0.0,3.3,StSq3,6.0,gpcan2023,0.0,,3.96,0.66,,1,,2324,2.0,1.0,2.0,2.0,2.0,1.0,2.0,3.0,3.0,1,women,individual
6,Starr Andrews,USA,5,61.07,32.15,28.92,0.0,2.4,LSp3,7.0,gpcan2023,0.0,,2.54,0.14,,1,,2324,1.0,0.0,1.0,2.0,0.0,1.0,1.0,0.0,0.0,1,women,individual
6,Starr Andrews,USA,5,61.07,32.15,28.92,0.0,,,,gpcan2023,,1.33,7.21,,,0,Composition,2324,6.5,7.0,7.5,7.25,7.5,7.25,7.0,7.5,7.0,1,women,individual
6,Starr Andrews,USA,5,61.07,32.15,28.92,0.0,,,,gpcan2023,,1.33,7.14,,,0,Skating Skills,2324,6.75,6.75,7.0,7.5,7.5,6.75,7.5,7.5,7.0,1,women,individual
7,Rinka Watanabe,JPN,11,57.52,28.69,29.83,-1.0,3.3,2A,1.0,gpcan2023,0.0,,4.24,0.94,,1,,2324,3.0,3.0,3.0,3.0,2.0,3.0,2.0,3.0,3.0,1,women,individual
7,Rinka Watanabe,JPN,11,57.52,28.69,29.83,-1.0,5.9,3Lz,2.0,gpcan2023,0.0,,7.08,1.18,,1,,2324,2.0,2.0,2.0,2.0,2.0,2.0,2.0,3.0,2.0,1,women,individual
7,Rinka Watanabe,JPN,11,57.52,28.69,29.83,-1.0,2.6,CSp4,3.0,gpcan2023,0.0,,3.01,0.41,,1,,2324,2.0,1.0,2.0,1.0,1.0,2.0,2.0,2.0,1.0,1,women,individual
7,Rinka Watanabe,JPN,11,57.52,28.69,29.83,-1.0,4.31,3Lo<+COMBO,4.0,gpcan2023,1.0,,2.35,-1.96,F,1,,2324,-5.0,-5.0,-5.0,-5.0,-5.0,-5.0,-5.0,-5.0,-5.0,1,women,individual
7,Rinka Watanabe,JPN,11,57.52,28.69,29.83,-1.0,3.0,FSSp4,5.0,gpcan2023,0.0,,3.64,0.64,,1,,2324,3.0,2.0,2.0,2.0,2.0,3.0,2.0,1.0,2.0,1,women,individual
7,Rinka Watanabe,JPN,11,57.52,28.69,29.83,-1.0,3.5,CCoSp4,6.0,gpcan2023,0.0,,3.75,0.25,,1,,2324,0.0,1.0,0.0,1.0,1.0,1.0,1.0,1.0,-1.0,1,women,individual
7,Rinka Watanabe,JPN,11,57.52,28.69,29.83,-1.0,3.9,StSq4,7.0,gpcan2023,0.0,,4.62,0.72,,1,,2324,1.0,2.0,4.0,2.0,0.0,2.0,2.0,2.0,2.0,1,women,individual
7,Rinka Watanabe,JPN,11,57.52,28.69,29.83,-1.0,,,,gpcan2023,,1.33,7.39,,,0,Composition,2324,7.25,7.5,8.0,7.75,7.0,7.5,7.25,7.5,7.0,1,women,individual
7,Rinka Watanabe,JPN,11,57.52,28.69,29.83,-1.0,,,,gpcan2023,,1.33,7.68,,,0,Skating Skills,2324,7.75,7.75,8.0,7.75,7.25,8.25,7.5,7.75,7.0,1,women,individual
8,Madeline Schizas,CAN,9,57.44,27.98,29.46,0.0,10.1,3Lz+3T,1.0,gpcan2023,0.0,,9.26,-0.84,,1,,2324,-1.0,-1.0,-2.0,-2.0,-1.0,-1.0,-1.0,-2.0,-2.0,1,women,individual
8,Madeline Schizas,CAN,9,57.44,27.98,29.46,0.0,4.9,3Lo,2.0,gpcan2023,0.0,,4.48,-0.42,,1,,2324,-1.0,-1.0,0.0,-1.0,-1.0,-1.0,-1.0,-2.0,0.0,1,women,individual
8,Madeline Schizas,CAN,9,57.44,27.98,29.46,0.0,3.5,CCoSp4,3.0,gpcan2023,0.0,,3.75,0.25,,1,,2324,2.0,1.0,1.0,1.0,0.0,0.0,1.0,0.0,1.0,1,women,individual
8,Madeline Schizas,CAN,9,57.44,27.98,29.46,0.0,0.0,1A*,4.0,gpcan2023,1.0,,0.0,0.0,*,1,,2324,0.0,0.0,0.0,0.0,0.0,0.0,0.0,0.0,0.0,1,women,individual
8,Madeline Schizas,CAN,9,57.44,27.98,29.46,0.0,3.3,StSq3,5.0,gpcan2023,0.0,,4.05,0.75,,1,,2324,2.0,2.0,3.0,3.0,2.0,3.0,2.0,1.0,2.0,1,women,individual
8,Madeline Schizas,CAN,9,57.44,27.98,29.46,0.0,2.7,LSp4,6.0,gpcan2023,0.0,,2.97,0.27,,1,,2324,0.0,0.0,2.0,1.0,0.0,0.0,2.0,2.0,2.0,1,women,individual
8,Madeline Schizas,CAN,9,57.44,27.98,29.46,0.0,3.0,FSSp4,7.0,gpcan2023,0.0,,3.47,0.47,,1,,2324,2.0,2.0,2.0,1.0,1.0,0.0,1.0,2.0,2.0,1,women,individual
8,Madeline Schizas,CAN,9,57.44,27.98,29.46,0.0,,,,gpcan2023,,1.33,7.54,,,0,Composition,2324,7.5,7.75,8.0,7.0,7.5,8.0,7.5,7.25,7.25,1,women,individual
8,Madeline Schizas,CAN,9,57.44,27.98,29.46,0.0,,,,gpcan2023,,1.33,7.36,,,0,Skating Skills,2324,7.25,7.0,7.75,7.25,7.75,8.0,7.5,6.75,7.0,1,women,individual
9,Kaiya Ruiter,CAN,4,55.82,28.32,28.5,-1.0,5.9,3Lz,1.0,gpcan2023,0.0,,2.95,-2.95,F,1,,2324,-5.0,-5.0,-4.0,-5.0,-5.0,-5.0,-5.0,-5.0,-5.0,1,women,individual
9,Kaiya Ruiter,CAN,4,55.82,28.32,28.5,-1.0,3.3,2A,2.0,gpcan2023,0.0,,3.72,0.42,,1,,2324,1.0,1.0,1.0,2.0,1.0,1.0,2.0,1.0,2.0,1,women,individual
9,Kaiya Ruiter,CAN,4,55.82,28.32,28.5,-1.0,2.6,FSSp3,3.0,gpcan2023,0.0,,2.97,0.37,,1,,2324,1.0,1.0,1.0,2.0,1.0,2.0,2.0,2.0,1.0,1,women,individual
9,Kaiya Ruiter,CAN,4,55.82,28.32,28.5,-1.0,3.0,CCoSp3,4.0,gpcan2023,0.0,,3.47,0.47,,1,,2324,0.0,1.0,1.0,2.0,2.0,2.0,2.0,1.0,2.0,1,women,individual
9,Kaiya Ruiter,CAN,4,55.82,28.32,28.5,-1.0,7.26,3F+2T,5.0,gpcan2023,1.0,,7.41,0.15,,1,,2324,0.0,0.0,0.0,0.0,0.0,0.0,1.0,1.0,1.0,1,women,individual
9,Kaiya Ruiter,CAN,4,55.82,28.32,28.5,-1.0,3.9,StSq4,6.0,gpcan2023,0.0,,4.68,0.78,,1,,2324,2.0,2.0,2.0,2.0,2.0,2.0,2.0,1.0,3.0,1,women,individual
9,Kaiya Ruiter,CAN,4,55.82,28.32,28.5,-1.0,2.7,LSp4,7.0,gpcan2023,0.0,,3.12,0.42,,1,,2324,2.0,1.0,1.0,1.0,1.0,2.0,2.0,2.0,2.0,1,women,individual
9,Kaiya Ruiter,CAN,4,55.82,28.32,28.5,-1.0,,,,gpcan2023,,1.33,7.0,,,0,Composition,2324,6.75,7.0,7.0,7.0,7.0,6.5,7.0,7.5,7.25,1,women,individual
9,Kaiya Ruiter,CAN,4,55.82,28.32,28.5,-1.0,,,,gpcan2023,,1.33,7.25,,,0,Skating Skills,2324,7.0,7.0,7.75,7.25,7.25,7.5,7.25,7.5,7.0,1,women,individual
10,Sara-Maude Dupuis,CAN,1,52.17,26.47,25.7,0.0,5.9,3Lz,1.0,gpcan2023,0.0,,6.07,0.17,,1,,2324,0.0,0.0,0.0,0.0,1.0,0.0,1.0,0.0,1.0,1,women,individual
10,Sara-Maude Dupuis,CAN,1,52.17,26.47,25.7,0.0,3.3,2A,2.0,gpcan2023,0.0,,3.91,0.61,,1,,2324,2.0,1.0,2.0,2.0,2.0,2.0,2.0,0.0,2.0,1,women,individual
10,Sara-Maude Dupuis,CAN,1,52.17,26.47,25.7,0.0,1.9,LSp2,3.0,gpcan2023,0.0,,2.14,0.24,,1,,2324,1.0,0.0,1.0,2.0,2.0,1.0,2.0,1.0,1.0,1,women,individual
10,Sara-Maude Dupuis,CAN,1,52.17,26.47,25.7,0.0,5.74,3Lo<+2T,4.0,gpcan2023,1.0,,4.0,-1.74,<,1,,2324,-4.0,-4.0,-4.0,-5.0,-5.0,-5.0,-4.0,-3.0,-5.0,1,women,individual
10,Sara-Maude Dupuis,CAN,1,52.17,26.47,25.7,0.0,3.2,FCSp4,5.0,gpcan2023,0.0,,3.47,0.27,,1,,2324,1.0,0.0,1.0,1.0,2.0,1.0,0.0,0.0,2.0,1,women,individual
10,Sara-Maude Dupuis,CAN,1,52.17,26.47,25.7,0.0,2.6,StSq2,6.0,gpcan2023,0.0,,2.93,0.33,,1,,2324,0.0,1.0,1.0,2.0,2.0,1.0,1.0,1.0,2.0,1,women,individual
10,Sara-Maude Dupuis,CAN,1,52.17,26.47,25.7,0.0,3.5,CCoSp4,7.0,gpcan2023,0.0,,3.95,0.45,,1,,2324,0.0,1.0,1.0,1.0,1.0,2.0,2.0,1.0,2.0,1,women,individual
10,Sara-Maude Dupuis,CAN,1,52.17,26.47,25.7,0.0,,,,gpcan2023,,1.33,6.39,,,0,Composition,2324,6.25,6.25,6.5,6.0,6.75,6.25,7.0,6.25,6.5,1,women,individual
10,Sara-Maude Dupuis,CAN,1,52.17,26.47,25.7,0.0,,,,gpcan2023,,1.33,6.39,,,0,Skating Skills,2324,6.5,6.5,6.25,6.25,6.5,6.25,6.75,6.25,6.5,1,women,individual
11,Lara Naki Gutmann,ITA,6,50.0,23.94,27.06,-1.0,8.4,3T+3Tq,1.0,gpcan2023,0.0,,6.3,-2.1,F,1,,2324,-5.0,-5.0,-5.0,-5.0,-5.0,-5.0,-5.0,-5.0,-5.0,1,women,individual
11,Lara Naki Gutmann,ITA,6,50.0,23.94,27.06,-1.0,0.0,2F*,2.0,gpcan2023,0.0,,0.0,0.0,*,1,,2324,0.0,0.0,0.0,0.0,0.0,0.0,0.0,0.0,0.0,1,women,individual
11,Lara Naki Gutmann,ITA,6,50.0,23.94,27.06,-1.0,2.5,SSp4,3.0,gpcan2023,0.0,,2.71,0.21,,1,,2324,2.0,1.0,1.0,0.0,0.0,0.0,1.0,1.0,2.0,1,women,individual
11,Lara Naki Gutmann,ITA,6,50.0,23.94,27.06,-1.0,3.63,2A,4.0,gpcan2023,1.0,,3.91,0.28,,1,,2324,0.0,0.0,1.0,1.0,2.0,1.0,1.0,0.0,2.0,1,women,individual
11,Lara Naki Gutmann,ITA,6,50.0,23.94,27.06,-1.0,3.0,CCoSp3,5.0,gpcan2023,0.0,,3.3,0.3,,1,,2324,2.0,2.0,2.0,1.0,0.0,-1.0,2.0,1.0,-2.0,1,women,individual
11,Lara Naki Gutmann,ITA,6,50.0,23.94,27.06,-1.0,3.9,StSq4,6.0,gpcan2023,0.0,,4.68,0.78,,1,,2324,2.0,1.0,2.0,2.0,2.0,2.0,2.0,2.0,2.0,1,women,individual
11,Lara Naki Gutmann,ITA,6,50.0,23.94,27.06,-1.0,2.8,FCSp3,7.0,gpcan2023,0.0,,3.04,0.24,,1,,2324,0.0,1.0,1.0,1.0,1.0,-1.0,2.0,0.0,2.0,1,women,individual
11,Lara Naki Gutmann,ITA,6,50.0,23.94,27.06,-1.0,,,,gpcan2023,,1.33,7.07,,,0,Composition,2324,7.5,7.25,7.0,6.25,6.75,7.25,7.25,6.75,7.25,1,women,individual
11,Lara Naki Gutmann,ITA,6,50.0,23.94,27.06,-1.0,,,,gpcan2023,,1.33,6.64,,,0,Skating Skills,2324,6.5,6.5,6.25,6.5,6.75,7.0,7.25,6.5,6.75,1,women,individual
12,Mae Berenice Meite,FRA,2,41.65,18.42,24.23,-1.0,3.3,2A,1.0,gpcan2023,0.0,,2.59,-0.71,,1,,2324,-2.0,-2.0,-2.0,-1.0,-2.0,-2.0,-2.0,-3.0,-3.0,1,women,individual
12,Mae Berenice Meite,FRA,2,41.65,18.42,24.23,-1.0,3.92,3Lo<,2.0,gpcan2023,0.0,,1.96,-1.96,F,1,,2324,-5.0,-5.0,-5.0,-5.0,-5.0,-5.0,-5.0,-5.0,-5.0,1,women,individual
12,Mae Berenice Meite,FRA,2,41.65,18.42,24.23,-1.0,2.8,FCSp3,3.0,gpcan2023,0.0,,2.44,-0.36,,1,,2324,-3.0,-1.0,-1.0,-2.0,-2.0,-3.0,1.0,0.0,0.0,1,women,individual
12,Mae Berenice Meite,FRA,2,41.65,18.42,24.23,-1.0,2.4,LSp3,4.0,gpcan2023,0.0,,2.74,0.34,,1,,2324,1.0,1.0,0.0,2.0,2.0,1.0,2.0,2.0,1.0,1,women,individual
12,Mae Berenice Meite,FRA,2,41.65,18.42,24.23,-1.0,2.31,2Lz+COMBO,5.0,gpcan2023,1.0,,1.26,-1.05,,1,,2324,-5.0,-5.0,-5.0,-5.0,-5.0,-5.0,-5.0,-5.0,-5.0,1,women,individual
12,Mae Berenice Meite,FRA,2,41.65,18.42,24.23,-1.0,3.5,CCoSp4,6.0,gpcan2023,0.0,,3.75,0.25,,1,,2324,0.0,0.0,0.0,0.0,1.0,2.0,1.0,1.0,2.0,1,women,individual
12,Mae Berenice Meite,FRA,2,41.65,18.42,24.23,-1.0,3.3,StSq3,7.0,gpcan2023,0.0,,3.68,0.38,,1,,2324,0.0,1.0,1.0,1.0,2.0,2.0,0.0,1.0,2.0,1,women,individual
12,Mae Berenice Meite,FRA,2,41.65,18.42,24.23,-1.0,,,,gpcan2023,,1.33,6.14,,,0,Composition,2324,5.5,5.75,5.5,6.0,6.5,6.5,6.75,6.75,6.0,1,women,individual
12,Mae Berenice Meite,FRA,2,41.65,18.42,24.23,-1.0,,,,gpcan2023,,1.33,5.96,,,0,Skating Skills,2324,5.75,5.5,4.75,5.75,6.5,6.25,6.25,6.5,5.75,1,women,individual
1,Deanna Stellato-Dudek / Maxime Deschamps,CAN,8,72.25,39.58,32.67,0.0,6.0,3Tw4,1.0,gpcan2023,0.0,,7.89,1.89,,1,,2324,2.0,4.0,4.0,4.0,3.0,3.0,3.0,3.0,2.0,1,pairs,individual
1,Deanna Stellato-Dudek / Maxime Deschamps,CAN,8,72.25,39.58,32.67,0.0,4.2,3T,2.0,gpcan2023,0.0,,5.1,0.9,,1,,2324,1.0,3.0,3.0,3.0,2.0,1.0,1.0,3.0,2.0,1,pairs,individual
1,Deanna Stellato-Dudek / Maxime Deschamps,CAN,8,72.25,39.58,32.67,0.0,5.1,3Li4,3.0,gpcan2023,0.0,,6.7,1.6,,1,,2324,3.0,3.0,3.0,4.0,4.0,3.0,3.0,3.0,2.0,1,pairs,individual
1,Deanna Stellato-Dudek / Maxime Deschamps,CAN,8,72.25,39.58,32.67,0.0,5.0,3LoTh,4.0,gpcan2023,0.0,,6.07,1.07,,1,,2324,1.0,3.0,2.0,4.0,2.0,3.0,1.0,3.0,1.0,1,pairs,individual
1,Deanna Stellato-Dudek / Maxime Deschamps,CAN,8,72.25,39.58,32.67,0.0,3.5,CCoSp4,5.0,gpcan2023,0.0,,4.25,0.75,,1,,2324,2.0,2.0,2.0,4.0,3.0,2.0,1.0,3.0,0.0,1,pairs,individual
1,Deanna Stellato-Dudek / Maxime Deschamps,CAN,8,72.25,39.58,32.67,0.0,3.9,StSq4,6.0,gpcan2023,0.0,,4.79,0.89,,1,,2324,2.0,2.0,2.0,4.0,3.0,2.0,2.0,3.0,2.0,1,pairs,individual
1,Deanna Stellato-Dudek / Maxime Deschamps,CAN,8,72.25,39.58,32.67,0.0,3.8,FiDs4,7.0,gpcan2023,0.0,,4.78,0.98,,1,,2324,2.0,2.0,2.0,4.0,3.0,3.0,0.0,4.0,2.0,1,pairs,individual
1,Deanna Stellato-Dudek / Maxime Deschamps,CAN,8,72.25,39.58,32.67,0.0,,,,gpcan2023,,1.33,8.14,,,0,Composition,2324,7.75,8.25,8.25,8.5,8.25,8.75,7.25,8.5,7.5,1,pairs,individual
1,Deanna Stellato-Dudek / Maxime Deschamps,CAN,8,72.25,39.58,32.67,0.0,,,,gpcan2023,,1.33,8.21,,,0,Skating Skills,2324,7.5,8.25,8.25,8.5,8.5,8.75,7.75,8.5,7.75,1,pairs,individual
2,Lucrezia Beccari / Matteo Guarise,ITA,1,65.83,36.51,29.32,0.0,5.7,3Tw3,1.0,gpcan2023,0.0,,6.76,1.06,,1,,2324,2.0,3.0,2.0,3.0,2.0,2.0,1.0,-1.0,1.0,1,pairs,individual
2,Lucrezia Beccari / Matteo Guarise,ITA,1,65.83,36.51,29.32,0.0,4.2,3T,2.0,gpcan2023,0.0,,4.68,0.48,,1,,2324,1.0,2.0,2.0,2.0,0.0,1.0,0.0,1.0,1.0,1,pairs,individual
2,Lucrezia Beccari / Matteo Guarise,ITA,1,65.83,36.51,29.32,0.0,5.0,3LoTh,3.0,gpcan2023,0.0,,6.21,1.21,,1,,2324,1.0,3.0,2.0,3.0,3.0,3.0,2.0,2.0,2.0,1,pairs,individual
2,Lucrezia Beccari / Matteo Guarise,ITA,1,65.83,36.51,29.32,0.0,5.1,3Li4,4.0,gpcan2023,0.0,,6.19,1.09,,1,,2324,2.0,3.0,2.0,3.0,2.0,2.0,2.0,1.0,2.0,1,pairs,individual
2,Lucrezia Beccari / Matteo Guarise,ITA,1,65.83,36.51,29.32,0.0,3.8,FiDs4,5.0,gpcan2023,0.0,,4.51,0.71,,1,,2324,1.0,3.0,1.0,3.0,2.0,3.0,0.0,3.0,0.0,1,pairs,individual
2,Lucrezia Beccari / Matteo Guarise,ITA,1,65.83,36.51,29.32,0.0,3.3,StSq3,6.0,gpcan2023,0.0,,3.96,0.66,,1,,2324,2.0,3.0,2.0,3.0,3.0,1.0,2.0,1.0,1.0,1,pairs,individual
2,Lucrezia Beccari / Matteo Guarise,ITA,1,65.83,36.51,29.32,0.0,3.5,FCCoSp4,7.0,gpcan2023,0.0,,4.2,0.7,,1,,2324,2.0,2.0,1.0,1.0,3.0,3.0,2.0,3.0,1.0,1,pairs,individual
2,Lucrezia Beccari / Matteo Guarise,ITA,1,65.83,36.51,29.32,0.0,,,,gpcan2023,,1.33,7.43,,,0,Composition,2324,7.25,7.5,7.5,7.75,7.75,8.0,6.75,7.25,7.0,1,pairs,individual
2,Lucrezia Beccari / Matteo Guarise,ITA,1,65.83,36.51,29.32,0.0,,,,gpcan2023,,1.33,7.32,,,0,Skating Skills,2324,7.25,7.5,7.0,7.75,7.5,7.5,6.5,7.25,7.25,1,pairs,individual
3,Anastasia Golubeva / Hektor Giotopoulos Moore,AUS,7,62.8,34.0,28.8,0.0,5.4,3Tw2,1.0,gpcan2023,0.0,,4.47,-0.93,,1,,2324,-1.0,0.0,1.0,-2.0,-2.0,-3.0,-2.0,-2.0,-3.0,1,pairs,individual
3,Anastasia Golubeva / Hektor Giotopoulos Moore,AUS,7,62.8,34.0,28.8,0.0,4.2,3T,2.0,gpcan2023,0.0,,3.96,-0.24,,1,,2324,-1.0,-1.0,0.0,-1.0,-1.0,0.0,0.0,0.0,-1.0,1,pairs,individual
3,Anastasia Golubeva / Hektor Giotopoulos Moore,AUS,7,62.8,34.0,28.8,0.0,5.0,3LoTh,3.0,gpcan2023,0.0,,6.5,1.5,,1,,2324,3.0,4.0,3.0,3.0,3.0,3.0,3.0,3.0,2.0,1,pairs,individual
3,Anastasia Golubeva / Hektor Giotopoulos Moore,AUS,7,62.8,34.0,28.8,0.0,4.7,3Li3,4.0,gpcan2023,0.0,,5.57,0.87,,1,,2324,1.0,3.0,2.0,2.0,2.0,2.0,0.0,3.0,1.0,1,pairs,individual
3,Anastasia Golubeva / Hektor Giotopoulos Moore,AUS,7,62.8,34.0,28.8,0.0,3.8,FiDs4,5.0,gpcan2023,0.0,,4.45,0.65,,1,,2324,2.0,2.0,1.0,2.0,2.0,1.0,2.0,3.0,1.0,1,pairs,individual
3,Anastasia Golubeva / Hektor Giotopoulos Moore,AUS,7,62.8,34.0,28.8,0.0,3.9,StSq4,6.0,gpcan2023,0.0,,4.9,1.0,,1,,2324,2.0,3.0,2.0,3.0,2.0,3.0,3.0,3.0,2.0,1,pairs,individual
3,Anastasia Golubeva / Hektor Giotopoulos Moore,AUS,7,62.8,34.0,28.8,0.0,3.5,FCCoSp4,7.0,gpcan2023,0.0,,4.15,0.65,,1,,2324,2.0,2.0,2.0,3.0,2.0,1.0,2.0,2.0,1.0,1,pairs,individual
3,Anastasia Golubeva / Hektor Giotopoulos Moore,AUS,7,62.8,34.0,28.8,0.0,,,,gpcan2023,,1.33,7.18,,,0,Composition,2324,7.0,7.25,7.25,7.0,7.0,7.75,7.0,7.75,7.0,1,pairs,individual
3,Anastasia Golubeva / Hektor Giotopoulos Moore,AUS,7,62.8,34.0,28.8,0.0,,,,gpcan2023,,1.33,7.18,,,0,Skating Skills,2324,6.75,7.25,7.5,6.75,7.25,7.75,7.25,7.5,6.75,1,pairs,individual
4,Maria Pavlova / Alexei Sviatchenko,HUN,4,62.22,34.29,27.93,0.0,5.7,3Tw3,1.0,gpcan2023,0.0,,6.6,0.9,,1,,2324,1.0,3.0,1.0,3.0,2.0,2.0,1.0,1.0,1.0,1,pairs,individual
4,Maria Pavlova / Alexei Sviatchenko,HUN,4,62.22,34.29,27.93,0.0,4.2,3T,2.0,gpcan2023,0.0,,5.16,0.96,,1,,2324,1.0,3.0,2.0,3.0,3.0,2.0,2.0,2.0,2.0,1,pairs,individual
4,Maria Pavlova / Alexei Sviatchenko,HUN,4,62.22,34.29,27.93,0.0,5.3,3FTh,3.0,gpcan2023,0.0,,6.74,1.44,,1,,2324,2.0,3.0,2.0,3.0,3.0,3.0,3.0,2.0,3.0,1,pairs,individual
4,Maria Pavlova / Alexei Sviatchenko,HUN,4,62.22,34.29,27.93,0.0,5.1,3Li4,4.0,gpcan2023,0.0,,6.05,0.95,,1,,2324,2.0,2.0,1.0,3.0,2.0,3.0,2.0,1.0,0.0,1,pairs,individual
4,Maria Pavlova / Alexei Sviatchenko,HUN,4,62.22,34.29,27.93,0.0,3.3,StSq3,5.0,gpcan2023,0.0,,3.82,0.52,,1,,2324,1.0,2.0,1.0,3.0,2.0,1.0,2.0,2.0,0.0,1,pairs,individual
4,Maria Pavlova / Alexei Sviatchenko,HUN,4,62.22,34.29,27.93,0.0,3.2,FiDs2,6.0,gpcan2023,0.0,,3.52,0.32,,1,,2324,0.0,2.0,-1.0,1.0,2.0,2.0,0.0,1.0,1.0,1,pairs,individual
4,Maria Pavlova / Alexei Sviatchenko,HUN,4,62.22,34.29,27.93,0.0,2.63,CCoSp4V,7.0,gpcan2023,0.0,,2.4,-0.23,,1,,2324,-2.0,0.0,0.0,1.0,0.0,-1.0,-1.0,-2.0,-4.0,1,pairs,individual
4,Maria Pavlova / Alexei Sviatchenko,HUN,4,62.22,34.29,27.93,0.0,,,,gpcan2023,,1.33,7.0,,,0,Composition,2324,6.75,6.75,6.75,7.5,7.5,7.75,6.75,6.75,7.0,1,pairs,individual
4,Maria Pavlova / Alexei Sviatchenko,HUN,4,62.22,34.29,27.93,0.0,,,,gpcan2023,,1.33,7.0,,,0,Skating Skills,2324,6.5,7.0,7.0,7.5,7.25,7.25,7.0,6.75,6.75,1,pairs,individual
5,Brooke Mcintosh / Benjamin Mimar,CAN,5,59.83,33.28,26.55,0.0,5.7,3Tw3,1.0,gpcan2023,0.0,,6.11,0.41,,1,,2324,0.0,3.0,1.0,1.0,1.0,1.0,-2.0,0.0,1.0,1,pairs,individual
5,Brooke Mcintosh / Benjamin Mimar,CAN,5,59.83,33.28,26.55,0.0,4.2,3T,2.0,gpcan2023,0.0,,4.2,0.0,,1,,2324,-1.0,2.0,-1.0,1.0,1.0,0.0,0.0,0.0,-1.0,1,pairs,individual
5,Brooke Mcintosh / Benjamin Mimar,CAN,5,59.83,33.28,26.55,0.0,5.3,3LzTh,3.0,gpcan2023,0.0,,5.6,0.3,,1,,2324,1.0,2.0,-1.0,2.0,1.0,2.0,0.0,-1.0,-1.0,1,pairs,individual
5,Brooke Mcintosh / Benjamin Mimar,CAN,5,59.83,33.28,26.55,0.0,3.9,StSq4,4.0,gpcan2023,0.0,,4.23,0.33,,1,,2324,1.0,1.0,1.0,2.0,1.0,2.0,0.0,0.0,0.0,1,pairs,individual
5,Brooke Mcintosh / Benjamin Mimar,CAN,5,59.83,33.28,26.55,0.0,4.7,3Li3,5.0,gpcan2023,0.0,,5.04,0.34,,1,,2324,1.0,1.0,0.0,2.0,1.0,1.0,1.0,0.0,0.0,1,pairs,individual
5,Brooke Mcintosh / Benjamin Mimar,CAN,5,59.83,33.28,26.55,0.0,3.8,FiDs4,6.0,gpcan2023,0.0,,4.4,0.6,,1,,2324,2.0,2.0,1.0,3.0,2.0,3.0,0.0,0.0,1.0,1,pairs,individual
5,Brooke Mcintosh / Benjamin Mimar,CAN,5,59.83,33.28,26.55,0.0,3.5,CCoSp4,7.0,gpcan2023,0.0,,3.7,0.2,,1,,2324,1.0,0.0,0.0,3.0,1.0,1.0,-1.0,2.0,-1.0,1,pairs,individual
5,Brooke Mcintosh / Benjamin Mimar,CAN,5,59.83,33.28,26.55,0.0,,,,gpcan2023,,1.33,6.64,,,0,Composition,2324,6.75,6.75,6.75,7.5,6.5,7.5,5.75,6.5,5.5,1,pairs,individual
5,Brooke Mcintosh / Benjamin Mimar,CAN,5,59.83,33.28,26.55,0.0,,,,gpcan2023,,1.33,6.57,,,0,Skating Skills,2324,6.5,6.5,6.5,7.5,7.0,7.25,5.75,6.5,5.75,1,pairs,individual
6,Daria Danilova / Michel Tsiba,NED,6,57.17,31.04,26.13,0.0,5.4,3Tw2,1.0,gpcan2023,0.0,,6.09,0.69,,1,,2324,2.0,3.0,1.0,2.0,1.0,-1.0,1.0,1.0,1.0,1,pairs,individual
6,Daria Danilova / Michel Tsiba,NED,6,57.17,31.04,26.13,0.0,4.3,3S,2.0,gpcan2023,0.0,,3.13,-1.17,,1,,2324,-3.0,-4.0,-2.0,-4.0,-2.0,-3.0,-2.0,-3.0,-2.0,1,pairs,individual
6,Daria Danilova / Michel Tsiba,NED,6,57.17,31.04,26.13,0.0,5.3,3FTh,3.0,gpcan2023,0.0,,5.3,0.0,,1,,2324,-1.0,1.0,0.0,2.0,1.0,0.0,-1.0,-2.0,0.0,1,pairs,individual
6,Daria Danilova / Michel Tsiba,NED,6,57.17,31.04,26.13,0.0,3.8,FiDs4,4.0,gpcan2023,0.0,,4.4,0.6,,1,,2324,0.0,1.0,1.0,2.0,2.0,2.0,2.0,1.0,2.0,1,pairs,individual
6,Daria Danilova / Michel Tsiba,NED,6,57.17,31.04,26.13,0.0,5.1,3Li4,5.0,gpcan2023,0.0,,6.05,0.95,,1,,2324,2.0,2.0,2.0,3.0,2.0,1.0,2.0,1.0,2.0,1,pairs,individual
6,Daria Danilova / Michel Tsiba,NED,6,57.17,31.04,26.13,0.0,2.6,StSq2,6.0,gpcan2023,0.0,,2.9,0.3,,1,,2324,1.0,2.0,2.0,1.0,1.0,0.0,1.0,2.0,0.0,1,pairs,individual
6,Daria Danilova / Michel Tsiba,NED,6,57.17,31.04,26.13,0.0,3.0,CCoSp3,7.0,gpcan2023,0.0,,3.17,0.17,,1,,2324,1.0,1.0,0.0,1.0,1.0,0.0,0.0,1.0,0.0,1,pairs,individual
6,Daria Danilova / Michel Tsiba,NED,6,57.17,31.04,26.13,0.0,,,,gpcan2023,,1.33,6.57,,,0,Composition,2324,6.5,6.75,6.25,6.75,6.25,6.25,6.75,6.75,6.75,1,pairs,individual
6,Daria Danilova / Michel Tsiba,NED,6,57.17,31.04,26.13,0.0,,,,gpcan2023,,1.33,6.5,,,0,Skating Skills,2324,6.25,6.75,6.0,6.75,6.75,6.25,6.5,6.25,7.0,1,pairs,individual
7,Kelly Ann Laurin / Loucas Ethier,CAN,2,57.14,30.41,26.73,0.0,5.4,3Tw2,1.0,gpcan2023,0.0,,6.25,0.85,,1,,2324,2.0,2.0,2.0,3.0,2.0,1.0,2.0,0.0,0.0,1,pairs,individual
7,Kelly Ann Laurin / Loucas Ethier,CAN,2,57.14,30.41,26.73,0.0,4.3,3S,2.0,gpcan2023,0.0,,3.19,-1.11,,1,,2324,-2.0,-3.0,-2.0,-3.0,-3.0,-2.0,-3.0,-4.0,-2.0,1,pairs,individual
7,Kelly Ann Laurin / Loucas Ethier,CAN,2,57.14,30.41,26.73,0.0,5.1,3Li4,3.0,gpcan2023,0.0,,5.68,0.58,,1,,2324,1.0,2.0,0.0,1.0,3.0,1.0,2.0,0.0,1.0,1,pairs,individual
7,Kelly Ann Laurin / Loucas Ethier,CAN,2,57.14,30.41,26.73,0.0,5.0,3LoTh,4.0,gpcan2023,0.0,,3.79,-1.21,,1,,2324,-3.0,-3.0,-2.0,-1.0,-2.0,-2.0,-3.0,-3.0,-2.0,1,pairs,individual
7,Kelly Ann Laurin / Loucas Ethier,CAN,2,57.14,30.41,26.73,0.0,3.8,FiDs4,5.0,gpcan2023,0.0,,4.13,0.33,,1,,2324,1.0,1.0,-1.0,0.0,2.0,1.0,1.0,1.0,1.0,1,pairs,individual
7,Kelly Ann Laurin / Loucas Ethier,CAN,2,57.14,30.41,26.73,0.0,3.9,StSq4,6.0,gpcan2023,0.0,,4.12,0.22,,1,,2324,0.0,0.0,1.0,0.0,1.0,1.0,0.0,1.0,1.0,1,pairs,individual
7,Kelly Ann Laurin / Loucas Ethier,CAN,2,57.14,30.41,26.73,0.0,3.5,CCoSp4,7.0,gpcan2023,0.0,,3.25,-0.25,,1,,2324,-2.0,-1.0,-2.0,0.0,1.0,0.0,0.0,-1.0,-1.0,1,pairs,individual
7,Kelly Ann Laurin / Loucas Ethier,CAN,2,57.14,30.41,26.73,0.0,,,,gpcan2023,,1.33,6.71,,,0,Composition,2324,6.25,6.75,6.75,7.25,6.75,7.25,6.0,6.75,6.5,1,pairs,individual
7,Kelly Ann Laurin / Loucas Ethier,CAN,2,57.14,30.41,26.73,0.0,,,,gpcan2023,,1.33,6.64,,,0,Skating Skills,2324,6.25,6.5,6.25,6.75,7.0,7.0,6.0,7.25,6.75,1,pairs,individual
8,Letizia Roscher / Luis Schuster,GER,3,52.07,28.61,23.46,0.0,5.7,3Tw3,1.0,gpcan2023,0.0,,5.94,0.24,,1,,2324,-2.0,2.0,1.0,2.0,1.0,0.0,0.0,-2.0,1.0,1,pairs,individual
8,Letizia Roscher / Luis Schuster,GER,3,52.07,28.61,23.46,0.0,4.4,3STh,2.0,gpcan2023,0.0,,5.03,0.63,,1,,2324,1.0,1.0,1.0,2.0,2.0,2.0,0.0,1.0,2.0,1,pairs,individual
8,Letizia Roscher / Luis Schuster,GER,3,52.07,28.61,23.46,0.0,3.3,2Aq,3.0,gpcan2023,0.0,,2.22,-1.08,q,1,,2324,-4.0,-4.0,-3.0,-3.0,-3.0,-5.0,-3.0,-3.0,-3.0,1,pairs,individual
8,Letizia Roscher / Luis Schuster,GER,3,52.07,28.61,23.46,0.0,4.7,3Li3,4.0,gpcan2023,0.0,,4.63,-0.07,,1,,2324,0.0,1.0,-1.0,2.0,0.0,0.0,0.0,-1.0,-2.0,1,pairs,individual
8,Letizia Roscher / Luis Schuster,GER,3,52.07,28.61,23.46,0.0,3.3,StSq3,5.0,gpcan2023,0.0,,3.39,0.09,,1,,2324,1.0,0.0,0.0,2.0,1.0,0.0,0.0,0.0,0.0,1,pairs,individual
8,Letizia Roscher / Luis Schuster,GER,3,52.07,28.61,23.46,0.0,3.5,FiDs3,6.0,gpcan2023,0.0,,3.45,-0.05,,1,,2324,1.0,0.0,-2.0,1.0,1.0,-1.0,-2.0,1.0,-1.0,1,pairs,individual
8,Letizia Roscher / Luis Schuster,GER,3,52.07,28.61,23.46,0.0,3.5,CCoSp4,7.0,gpcan2023,0.0,,3.95,0.45,,1,,2324,2.0,2.0,1.0,2.0,2.0,0.0,1.0,1.0,-1.0,1,pairs,individual
8,Letizia Roscher / Luis Schuster,GER,3,52.07,28.61,23.46,0.0,,,,gpcan2023,,1.33,5.96,,,0,Composition,2324,6.0,5.75,6.0,6.5,6.0,5.5,5.75,5.75,6.75,1,pairs,individual
8,Letizia Roscher / Luis Schuster,GER,3,52.07,28.61,23.46,0.0,,,,gpcan2023,,1.33,5.86,,,0,Skating Skills,2324,5.75,5.5,5.5,6.25,6.0,6.0,5.5,6.0,6.25,1,pairs,individual
1,Deanna Stellato-Dudek / Maxime Deschamps,CAN,8,142.39,74.7,67.69,0.0,6.0,3Tw4,1.0,gpcan2023,0.0,,7.97,1.97,,1,,2324,2.0,3.0,3.0,4.0,3.0,4.0,4.0,3.0,3.0,0,pairs,individual
1,Deanna Stellato-Dudek / Maxime Deschamps,CAN,8,142.39,74.7,67.69,0.0,8.6,3T+1A+2A+SEQ,2.0,gpcan2023,0.0,,9.62,1.02,,1,,2324,2.0,2.0,3.0,3.0,2.0,3.0,2.0,3.0,2.0,0,pairs,individual
1,Deanna Stellato-Dudek / Maxime Deschamps,CAN,8,142.39,74.7,67.69,0.0,4.3,3S,3.0,gpcan2023,0.0,,4.05,-0.25,,1,,2324,-1.0,-2.0,0.0,2.0,-1.0,-1.0,-2.0,1.0,0.0,0,pairs,individual
1,Deanna Stellato-Dudek / Maxime Deschamps,CAN,8,142.39,74.7,67.69,0.0,7.0,5ALi4,4.0,gpcan2023,0.0,,9.3,2.3,,1,,2324,2.0,3.0,3.0,4.0,3.0,3.0,4.0,4.0,3.0,0,pairs,individual
1,Deanna Stellato-Dudek / Maxime Deschamps,CAN,8,142.39,74.7,67.69,0.0,4.7,FoDs3,5.0,gpcan2023,0.0,,5.51,0.81,,1,,2324,0.0,2.0,2.0,2.0,2.0,2.0,1.0,2.0,1.0,0,pairs,individual
1,Deanna Stellato-Dudek / Maxime Deschamps,CAN,8,142.39,74.7,67.69,0.0,4.5,PCoSp4,6.0,gpcan2023,0.0,,5.59,1.09,,1,,2324,1.0,2.0,3.0,3.0,3.0,3.0,1.0,3.0,2.0,0,pairs,individual
1,Deanna Stellato-Dudek / Maxime Deschamps,CAN,8,142.39,74.7,67.69,0.0,4.4,3STh,7.0,gpcan2023,0.0,,5.47,1.07,,1,,2324,2.0,3.0,2.0,3.0,2.0,2.0,3.0,2.0,3.0,0,pairs,individual
1,Deanna Stellato-Dudek / Maxime Deschamps,CAN,8,142.39,74.7,67.69,0.0,7.0,5RLi4,8.0,gpcan2023,0.0,,9.2,2.2,,1,,2324,2.0,3.0,3.0,3.0,3.0,3.0,4.0,4.0,3.0,0,pairs,individual
1,Deanna Stellato-Dudek / Maxime Deschamps,CAN,8,142.39,74.7,67.69,0.0,3.0,ChSq1,9.0,gpcan2023,0.0,,4.29,1.29,,1,,2324,2.0,3.0,2.0,3.0,2.0,3.0,3.0,3.0,2.0,0,pairs,individual
1,Deanna Stellato-Dudek / Maxime Deschamps,CAN,8,142.39,74.7,67.69,0.0,5.0,3LoTh,10.0,gpcan2023,0.0,,6.71,1.71,,1,,2324,3.0,4.0,4.0,3.0,3.0,3.0,4.0,4.0,3.0,0,pairs,individual
1,Deanna Stellato-Dudek / Maxime Deschamps,CAN,8,142.39,74.7,67.69,0.0,5.1,3Li4,11.0,gpcan2023,0.0,,6.99,1.89,,1,,2324,4.0,4.0,4.0,4.0,3.0,3.0,4.0,4.0,3.0,0,pairs,individual
1,Deanna Stellato-Dudek / Maxime Deschamps,CAN,8,142.39,74.7,67.69,0.0,,,,gpcan2023,,2.67,8.46,,,0,Composition,2324,8.25,8.75,8.75,8.5,8.25,9.25,7.75,8.5,8.25,0,pairs,individual
1,Deanna Stellato-Dudek / Maxime Deschamps,CAN,8,142.39,74.7,67.69,0.0,,,,gpcan2023,,2.67,8.39,,,0,Skating Skills,2324,8.25,8.5,8.5,8.25,8.5,8.75,8.0,8.5,8.25,0,pairs,individual
2,Maria Pavlova / Alexei Sviatchenko,HUN,5,125.56,68.45,57.11,0.0,6.0,3Tw4,1.0,gpcan2023,0.0,,7.29,1.29,,1,,2324,0.0,2.0,2.0,3.0,2.0,2.0,3.0,2.0,2.0,0,pairs,individual
2,Maria Pavlova / Alexei Sviatchenko,HUN,5,125.56,68.45,57.11,0.0,10.8,3T+2A+2A+SEQ,2.0,gpcan2023,0.0,,11.64,0.84,,1,,2324,1.0,2.0,3.0,3.0,2.0,1.0,3.0,2.0,1.0,0,pairs,individual
2,Maria Pavlova / Alexei Sviatchenko,HUN,5,125.56,68.45,57.11,0.0,5.3,3FTh,3.0,gpcan2023,0.0,,6.44,1.14,,1,,2324,1.0,2.0,2.0,2.0,2.0,2.0,3.0,2.0,3.0,0,pairs,individual
2,Maria Pavlova / Alexei Sviatchenko,HUN,5,125.56,68.45,57.11,0.0,4.3,3S,4.0,gpcan2023,0.0,,5.16,0.86,,1,,2324,1.0,2.0,3.0,2.0,1.0,2.0,3.0,2.0,2.0,0,pairs,individual
2,Maria Pavlova / Alexei Sviatchenko,HUN,5,125.56,68.45,57.11,0.0,7.0,5ALi4,5.0,gpcan2023,0.0,,8.5,1.5,,1,,2324,2.0,2.0,2.0,3.0,2.0,3.0,3.0,1.0,1.0,0,pairs,individual
2,Maria Pavlova / Alexei Sviatchenko,HUN,5,125.56,68.45,57.11,0.0,3.0,ChSq1,6.0,gpcan2023,0.0,,3.57,0.57,,1,,2324,2.0,1.0,0.0,0.0,1.0,2.0,2.0,1.0,1.0,0,pairs,individual
2,Maria Pavlova / Alexei Sviatchenko,HUN,5,125.56,68.45,57.11,0.0,5.0,3LoTh,7.0,gpcan2023,0.0,,5.36,0.36,,1,,2324,-1.0,0.0,1.0,2.0,-1.0,1.0,2.0,1.0,1.0,0,pairs,individual
2,Maria Pavlova / Alexei Sviatchenko,HUN,5,125.56,68.45,57.11,0.0,6.6,5RLi3,8.0,gpcan2023,0.0,,7.73,1.13,,1,,2324,1.0,2.0,2.0,2.0,1.0,2.0,2.0,1.0,2.0,0,pairs,individual
2,Maria Pavlova / Alexei Sviatchenko,HUN,5,125.56,68.45,57.11,0.0,5.1,4Li4,9.0,gpcan2023,0.0,,5.32,0.22,,1,,2324,0.0,1.0,1.0,2.0,1.0,-2.0,0.0,-1.0,1.0,0,pairs,individual
2,Maria Pavlova / Alexei Sviatchenko,HUN,5,125.56,68.45,57.11,0.0,3.4,BiDs2,10.0,gpcan2023,0.0,,3.59,0.19,,1,,2324,0.0,1.0,2.0,0.0,1.0,0.0,1.0,0.0,1.0,0,pairs,individual
2,Maria Pavlova / Alexei Sviatchenko,HUN,5,125.56,68.45,57.11,0.0,3.5,PCoSp2,11.0,gpcan2023,0.0,,3.85,0.35,,1,,2324,1.0,2.0,2.0,1.0,1.0,0.0,2.0,0.0,0.0,0,pairs,individual
2,Maria Pavlova / Alexei Sviatchenko,HUN,5,125.56,68.45,57.11,0.0,,,,gpcan2023,,2.67,7.11,,,0,Composition,2324,7.25,6.75,7.25,7.25,7.0,7.25,7.5,7.0,6.5,0,pairs,individual
2,Maria Pavlova / Alexei Sviatchenko,HUN,5,125.56,68.45,57.11,0.0,,,,gpcan2023,,2.67,7.21,,,0,Skating Skills,2324,7.25,7.0,7.25,7.5,7.25,7.0,7.5,6.75,7.25,0,pairs,individual
3,Anastasia Golubeva / Hektor Giotopoulos Moore,AUS,6,116.81,59.51,57.3,0.0,5.4,3Tw2,1.0,gpcan2023,0.0,,4.24,-1.16,,1,,2324,-3.0,-3.0,0.0,-3.0,-2.0,-3.0,-2.0,0.0,-2.0,0,pairs,individual
3,Anastasia Golubeva / Hektor Giotopoulos Moore,AUS,6,116.81,59.51,57.3,0.0,8.4,3T+3T+COMBO,2.0,gpcan2023,0.0,,7.02,-1.38,,1,,2324,-3.0,-5.0,-5.0,-4.0,-3.0,-2.0,-3.0,-3.0,-2.0,0,pairs,individual
3,Anastasia Golubeva / Hektor Giotopoulos Moore,AUS,6,116.81,59.51,57.3,0.0,4.4,3STh,3.0,gpcan2023,0.0,,5.15,0.75,,1,,2324,1.0,2.0,3.0,2.0,2.0,2.0,1.0,1.0,2.0,0,pairs,individual
3,Anastasia Golubeva / Hektor Giotopoulos Moore,AUS,6,116.81,59.51,57.3,0.0,4.3,3S,4.0,gpcan2023,0.0,,3.19,-1.11,,1,,2324,-2.0,-4.0,-4.0,-3.0,-2.0,-2.0,-3.0,-2.0,-2.0,0,pairs,individual
3,Anastasia Golubeva / Hektor Giotopoulos Moore,AUS,6,116.81,59.51,57.3,0.0,4.4,BoDs3,5.0,gpcan2023,0.0,,4.97,0.57,,1,,2324,0.0,1.0,2.0,0.0,1.0,2.0,2.0,2.0,1.0,0,pairs,individual
3,Anastasia Golubeva / Hektor Giotopoulos Moore,AUS,6,116.81,59.51,57.3,0.0,4.5,PCoSp4,6.0,gpcan2023,0.0,,5.27,0.77,,1,,2324,1.0,1.0,2.0,2.0,1.0,2.0,2.0,2.0,3.0,0,pairs,individual
3,Anastasia Golubeva / Hektor Giotopoulos Moore,AUS,6,116.81,59.51,57.3,0.0,6.6,5ALi3,7.0,gpcan2023,0.0,,7.83,1.23,,1,,2324,0.0,2.0,3.0,2.0,1.0,2.0,2.0,2.0,2.0,0,pairs,individual
3,Anastasia Golubeva / Hektor Giotopoulos Moore,AUS,6,116.81,59.51,57.3,0.0,5.0,3LoTh,8.0,gpcan2023,0.0,,3.71,-1.29,,1,,2324,-2.0,-3.0,-3.0,-3.0,-1.0,-3.0,-2.0,-3.0,-2.0,0,pairs,individual
3,Anastasia Golubeva / Hektor Giotopoulos Moore,AUS,6,116.81,59.51,57.3,0.0,7.0,5RLi4,9.0,gpcan2023,0.0,,8.2,1.2,,1,,2324,1.0,2.0,2.0,1.0,2.0,3.0,2.0,1.0,2.0,0,pairs,individual
3,Anastasia Golubeva / Hektor Giotopoulos Moore,AUS,6,116.81,59.51,57.3,0.0,4.7,4Li3,10.0,gpcan2023,0.0,,5.57,0.87,,1,,2324,2.0,2.0,2.0,1.0,1.0,2.0,2.0,2.0,2.0,0,pairs,individual
3,Anastasia Golubeva / Hektor Giotopoulos Moore,AUS,6,116.81,59.51,57.3,0.0,3.0,ChSq1,11.0,gpcan2023,0.0,,4.36,1.36,,1,,2324,3.0,2.0,3.0,3.0,1.0,2.0,3.0,3.0,3.0,0,pairs,individual
3,Anastasia Golubeva / Hektor Giotopoulos Moore,AUS,6,116.81,59.51,57.3,0.0,,,,gpcan2023,,2.67,7.21,,,0,Composition,2324,7.5,6.75,7.25,7.25,7.0,7.25,7.0,7.5,7.25,0,pairs,individual
3,Anastasia Golubeva / Hektor Giotopoulos Moore,AUS,6,116.81,59.51,57.3,0.0,,,,gpcan2023,,2.67,7.21,,,0,Skating Skills,2324,7.25,6.5,7.25,7.25,7.25,7.5,7.25,7.25,7.0,0,pairs,individual
4,Lucrezia Beccari / Matteo Guarise,ITA,7,115.59,56.14,60.45,-1.0,5.7,3Tw3,1.0,gpcan2023,0.0,,6.11,0.41,,1,,2324,1.0,1.0,0.0,2.0,1.0,2.0,0.0,-1.0,0.0,0,pairs,individual
4,Lucrezia Beccari / Matteo Guarise,ITA,7,115.59,56.14,60.45,-1.0,4.2,3T+COMBO,2.0,gpcan2023,0.0,,2.1,-2.1,F,1,,2324,-5.0,-5.0,-5.0,-5.0,-5.0,-5.0,-5.0,-5.0,-5.0,0,pairs,individual
4,Lucrezia Beccari / Matteo Guarise,ITA,7,115.59,56.14,60.45,-1.0,1.3,2S,3.0,gpcan2023,0.0,,1.11,-0.19,,1,,2324,-1.0,2.0,-2.0,-2.0,-1.0,-1.0,-2.0,-2.0,-1.0,0,pairs,individual
4,Lucrezia Beccari / Matteo Guarise,ITA,7,115.59,56.14,60.45,-1.0,3.1,BiDs1,4.0,gpcan2023,0.0,,3.54,0.44,,1,,2324,1.0,2.0,2.0,0.0,2.0,0.0,2.0,2.0,1.0,0,pairs,individual
4,Lucrezia Beccari / Matteo Guarise,ITA,7,115.59,56.14,60.45,-1.0,5.0,3LoTh,5.0,gpcan2023,0.0,,5.79,0.79,,1,,2324,2.0,2.0,2.0,1.0,0.0,1.0,2.0,2.0,1.0,0,pairs,individual
4,Lucrezia Beccari / Matteo Guarise,ITA,7,115.59,56.14,60.45,-1.0,7.0,5RLi4,6.0,gpcan2023,0.0,,8.2,1.2,,1,,2324,2.0,2.0,2.0,2.0,2.0,2.0,1.0,1.0,1.0,0,pairs,individual
4,Lucrezia Beccari / Matteo Guarise,ITA,7,115.59,56.14,60.45,-1.0,3.0,ChSq1,7.0,gpcan2023,0.0,,3.57,0.57,,1,,2324,1.0,2.0,0.0,0.0,1.0,1.0,2.0,2.0,1.0,0,pairs,individual
4,Lucrezia Beccari / Matteo Guarise,ITA,7,115.59,56.14,60.45,-1.0,7.0,5ALi4,8.0,gpcan2023,0.0,,8.7,1.7,,1,,2324,2.0,3.0,3.0,3.0,2.0,3.0,2.0,2.0,2.0,0,pairs,individual
4,Lucrezia Beccari / Matteo Guarise,ITA,7,115.59,56.14,60.45,-1.0,4.4,3STh,9.0,gpcan2023,0.0,,5.28,0.88,,1,,2324,2.0,2.0,2.0,2.0,2.0,2.0,2.0,2.0,2.0,0,pairs,individual
4,Lucrezia Beccari / Matteo Guarise,ITA,7,115.59,56.14,60.45,-1.0,5.1,3Li4,10.0,gpcan2023,0.0,,6.34,1.24,,1,,2324,2.0,2.0,3.0,3.0,2.0,3.0,3.0,2.0,2.0,0,pairs,individual
4,Lucrezia Beccari / Matteo Guarise,ITA,7,115.59,56.14,60.45,-1.0,4.5,PCoSp4,11.0,gpcan2023,0.0,,5.4,0.9,,1,,2324,2.0,2.0,2.0,3.0,2.0,1.0,2.0,3.0,1.0,0,pairs,individual
4,Lucrezia Beccari / Matteo Guarise,ITA,7,115.59,56.14,60.45,-1.0,,,,gpcan2023,,2.67,7.64,,,0,Composition,2324,8.0,7.75,8.0,7.5,7.75,7.5,7.25,7.75,7.0,0,pairs,individual
4,Lucrezia Beccari / Matteo Guarise,ITA,7,115.59,56.14,60.45,-1.0,,,,gpcan2023,,2.67,7.54,,,0,Skating Skills,2324,7.5,7.5,7.75,7.75,7.75,7.25,7.25,7.75,7.0,0,pairs,individual
5,Kelly Ann Laurin / Loucas Ethier,CAN,2,110.98,58.6,53.38,-1.0,5.4,3Tw2,1.0,gpcan2023,0.0,,6.25,0.85,,1,,2324,1.0,1.0,1.0,3.0,1.0,2.0,3.0,1.0,2.0,0,pairs,individual
5,Kelly Ann Laurin / Loucas Ethier,CAN,2,110.98,58.6,53.38,-1.0,7.7,2A+1A+2A+SEQ,2.0,gpcan2023,0.0,,6.62,-1.08,,1,,2324,-4.0,-4.0,-4.0,-2.0,-3.0,-3.0,-3.0,-3.0,-3.0,0,pairs,individual
5,Kelly Ann Laurin / Loucas Ethier,CAN,2,110.98,58.6,53.38,-1.0,7.0,5ALi4,3.0,gpcan2023,0.0,,8.1,1.1,,1,,2324,1.0,1.0,1.0,2.0,2.0,2.0,3.0,1.0,2.0,0,pairs,individual
5,Kelly Ann Laurin / Loucas Ethier,CAN,2,110.98,58.6,53.38,-1.0,4.3,3S,4.0,gpcan2023,0.0,,4.98,0.68,,1,,2324,1.0,2.0,1.0,2.0,2.0,2.0,2.0,1.0,1.0,0,pairs,individual
5,Kelly Ann Laurin / Loucas Ethier,CAN,2,110.98,58.6,53.38,-1.0,5.0,3LoTh,5.0,gpcan2023,0.0,,4.21,-0.79,,1,,2324,-2.0,-2.0,-1.0,-2.0,-2.0,-1.0,-1.0,-2.0,-1.0,0,pairs,individual
5,Kelly Ann Laurin / Loucas Ethier,CAN,2,110.98,58.6,53.38,-1.0,3.0,ChSq1,6.0,gpcan2023,0.0,,3.5,0.5,,1,,2324,1.0,1.0,0.0,1.0,1.0,1.0,1.0,1.0,2.0,0,pairs,individual
5,Kelly Ann Laurin / Loucas Ethier,CAN,2,110.98,58.6,53.38,-1.0,7.0,5RLi4,7.0,gpcan2023,0.0,,7.9,0.9,,1,,2324,1.0,2.0,0.0,2.0,1.0,1.0,3.0,0.0,2.0,0,pairs,individual
5,Kelly Ann Laurin / Loucas Ethier,CAN,2,110.98,58.6,53.38,-1.0,4.4,3STh,8.0,gpcan2023,0.0,,2.2,-2.2,F,1,,2324,-5.0,-5.0,-5.0,-5.0,-5.0,-5.0,-5.0,-5.0,-5.0,0,pairs,individual
5,Kelly Ann Laurin / Loucas Ethier,CAN,2,110.98,58.6,53.38,-1.0,4.7,3Li3,9.0,gpcan2023,0.0,,5.1,0.4,,1,,2324,1.0,0.0,1.0,3.0,1.0,0.0,2.0,-1.0,1.0,0,pairs,individual
5,Kelly Ann Laurin / Loucas Ethier,CAN,2,110.98,58.6,53.38,-1.0,4.0,BoDs2,10.0,gpcan2023,0.0,,4.34,0.34,,1,,2324,1.0,0.0,2.0,0.0,1.0,1.0,2.0,0.0,1.0,0,pairs,individual
5,Kelly Ann Laurin / Loucas Ethier,CAN,2,110.98,58.6,53.38,-1.0,4.5,PCoSp4,11.0,gpcan2023,0.0,,5.4,0.9,,1,,2324,2.0,1.0,2.0,2.0,2.0,2.0,2.0,2.0,2.0,0,pairs,individual
5,Kelly Ann Laurin / Loucas Ethier,CAN,2,110.98,58.6,53.38,-1.0,,,,gpcan2023,,2.67,6.71,,,0,Composition,2324,6.5,6.75,6.5,7.0,7.25,7.0,6.25,6.5,6.75,0,pairs,individual
5,Kelly Ann Laurin / Loucas Ethier,CAN,2,110.98,58.6,53.38,-1.0,,,,gpcan2023,,2.67,6.71,,,0,Skating Skills,2324,6.5,6.75,6.5,7.0,7.0,6.75,6.5,6.75,6.75,0,pairs,individual
6,Daria Danilova / Michel Tsiba,NED,3,107.84,56.07,51.77,0.0,5.7,3Tw3,1.0,gpcan2023,0.0,,6.27,0.57,,1,,2324,0.0,1.0,2.0,1.0,0.0,0.0,2.0,1.0,2.0,0,pairs,individual
6,Daria Danilova / Michel Tsiba,NED,3,107.84,56.07,51.77,0.0,1.3,2S,2.0,gpcan2023,0.0,,0.82,-0.48,,1,,2324,-4.0,-4.0,-4.0,-3.0,-3.0,-4.0,-5.0,-4.0,-2.0,0,pairs,individual
6,Daria Danilova / Michel Tsiba,NED,3,107.84,56.07,51.77,0.0,5.0,3LoTh,3.0,gpcan2023,0.0,,6.21,1.21,,1,,2324,2.0,2.0,3.0,3.0,2.0,3.0,2.0,1.0,3.0,0,pairs,individual
6,Daria Danilova / Michel Tsiba,NED,3,107.84,56.07,51.77,0.0,5.5,1A+2A+1A+SEQ,4.0,gpcan2023,0.0,,4.09,-1.41,,1,,2324,-5.0,-5.0,-4.0,-4.0,-3.0,-5.0,-4.0,-5.0,-3.0,0,pairs,individual
6,Daria Danilova / Michel Tsiba,NED,3,107.84,56.07,51.77,0.0,7.0,5ALi4,5.0,gpcan2023,0.0,,8.1,1.1,,1,,2324,0.0,2.0,2.0,2.0,1.0,1.0,2.0,1.0,2.0,0,pairs,individual
6,Daria Danilova / Michel Tsiba,NED,3,107.84,56.07,51.77,0.0,3.0,ChSq1,6.0,gpcan2023,0.0,,3.64,0.64,,1,,2324,1.0,2.0,1.0,3.0,1.0,-2.0,2.0,1.0,1.0,0,pairs,individual
6,Daria Danilova / Michel Tsiba,NED,3,107.84,56.07,51.77,0.0,5.3,3FTh,7.0,gpcan2023,0.0,,4.24,-1.06,,1,,2324,-3.0,-3.0,-3.0,-3.0,-2.0,-1.0,1.0,-1.0,-1.0,0,pairs,individual
6,Daria Danilova / Michel Tsiba,NED,3,107.84,56.07,51.77,0.0,3.7,BiDs3,8.0,gpcan2023,0.0,,4.12,0.42,,1,,2324,1.0,1.0,1.0,1.0,1.0,2.0,0.0,1.0,2.0,0,pairs,individual
6,Daria Danilova / Michel Tsiba,NED,3,107.84,56.07,51.77,0.0,6.6,5RLi3,9.0,gpcan2023,0.0,,7.54,0.94,,1,,2324,0.0,2.0,2.0,2.0,2.0,0.0,1.0,1.0,2.0,0,pairs,individual
6,Daria Danilova / Michel Tsiba,NED,3,107.84,56.07,51.77,0.0,5.1,3Li4,10.0,gpcan2023,0.0,,5.9,0.8,,1,,2324,1.0,2.0,2.0,2.0,2.0,0.0,1.0,1.0,3.0,0,pairs,individual
6,Daria Danilova / Michel Tsiba,NED,3,107.84,56.07,51.77,0.0,4.5,PCoSp4,11.0,gpcan2023,0.0,,5.14,0.64,,1,,2324,1.0,2.0,2.0,2.0,1.0,1.0,1.0,1.0,2.0,0,pairs,individual
6,Daria Danilova / Michel Tsiba,NED,3,107.84,56.07,51.77,0.0,,,,gpcan2023,,2.67,6.46,,,0,Composition,2324,6.25,6.5,6.25,7.25,6.5,5.75,6.75,6.75,6.25,0,pairs,individual
6,Daria Danilova / Michel Tsiba,NED,3,107.84,56.07,51.77,0.0,,,,gpcan2023,,2.67,6.54,,,0,Skating Skills,2324,6.0,6.5,6.75,7.0,6.75,6.0,6.75,6.25,6.75,0,pairs,individual
7,Brooke Mcintosh / Benjamin Mimar,CAN,4,106.17,55.0,52.17,-1.0,5.4,3Tw2,1.0,gpcan2023,0.0,,4.47,-0.93,,1,,2324,-3.0,-2.0,-1.0,-2.0,0.0,-1.0,-3.0,-2.0,-1.0,0,pairs,individual
7,Brooke Mcintosh / Benjamin Mimar,CAN,4,106.17,55.0,52.17,-1.0,4.2,3Tq+COMBO,2.0,gpcan2023,0.0,,2.1,-2.1,F,1,,2324,-5.0,-5.0,-5.0,-5.0,-5.0,-5.0,-5.0,-5.0,-5.0,0,pairs,individual
7,Brooke Mcintosh / Benjamin Mimar,CAN,4,106.17,55.0,52.17,-1.0,4.3,3S,3.0,gpcan2023,0.0,,3.87,-0.43,,1,,2324,-1.0,-1.0,-1.0,-1.0,-2.0,-1.0,-1.0,-1.0,-1.0,0,pairs,individual
7,Brooke Mcintosh / Benjamin Mimar,CAN,4,106.17,55.0,52.17,-1.0,7.0,5ALi4,4.0,gpcan2023,0.0,,8.2,1.2,,1,,2324,1.0,2.0,1.0,2.0,1.0,2.0,2.0,2.0,2.0,0,pairs,individual
7,Brooke Mcintosh / Benjamin Mimar,CAN,4,106.17,55.0,52.17,-1.0,5.3,3LzTh,5.0,gpcan2023,0.0,,6.28,0.98,,1,,2324,1.0,2.0,2.0,2.0,2.0,2.0,2.0,2.0,1.0,0,pairs,individual
7,Brooke Mcintosh / Benjamin Mimar,CAN,4,106.17,55.0,52.17,-1.0,3.0,ChSq1,6.0,gpcan2023,0.0,,3.29,0.29,,1,,2324,-1.0,0.0,0.0,2.0,0.0,1.0,1.0,1.0,1.0,0,pairs,individual
7,Brooke Mcintosh / Benjamin Mimar,CAN,4,106.17,55.0,52.17,-1.0,5.1,3Li4,7.0,gpcan2023,0.0,,5.39,0.29,,1,,2324,0.0,1.0,0.0,1.0,0.0,1.0,2.0,-1.0,1.0,0,pairs,individual
7,Brooke Mcintosh / Benjamin Mimar,CAN,4,106.17,55.0,52.17,-1.0,5.0,3LoTh,8.0,gpcan2023,0.0,,6.21,1.21,,1,,2324,1.0,3.0,2.0,2.0,2.0,3.0,3.0,2.0,3.0,0,pairs,individual
7,Brooke Mcintosh / Benjamin Mimar,CAN,4,106.17,55.0,52.17,-1.0,6.6,5RLi3,9.0,gpcan2023,0.0,,6.51,-0.09,,1,,2324,0.0,0.0,0.0,0.0,0.0,0.0,-2.0,-1.0,2.0,0,pairs,individual
7,Brooke Mcintosh / Benjamin Mimar,CAN,4,106.17,55.0,52.17,-1.0,3.7,BiDs3,10.0,gpcan2023,0.0,,3.86,0.16,,1,,2324,0.0,0.0,1.0,1.0,1.0,2.0,0.0,0.0,0.0,0,pairs,individual
7,Brooke Mcintosh / Benjamin Mimar,CAN,4,106.17,55.0,52.17,-1.0,4.5,PCoSp4,11.0,gpcan2023,0.0,,4.82,0.32,,1,,2324,1.0,1.0,1.0,1.0,0.0,1.0,-1.0,0.0,1.0,0,pairs,individual
7,Brooke Mcintosh / Benjamin Mimar,CAN,4,106.17,55.0,52.17,-1.0,,,,gpcan2023,,2.67,6.54,,,0,Composition,2324,6.75,6.75,6.75,7.0,6.25,7.0,6.0,6.25,5.25,0,pairs,individual
7,Brooke Mcintosh / Benjamin Mimar,CAN,4,106.17,55.0,52.17,-1.0,,,,gpcan2023,,2.67,6.64,,,0,Skating Skills,2324,6.5,7.0,6.5,6.75,6.75,7.25,6.0,6.5,6.5,0,pairs,individual
8,Letizia Roscher / Luis Schuster,GER,1,85.47,40.75,44.72,0.0,5.7,3Tw3,1.0,gpcan2023,0.0,,6.27,0.57,,1,,2324,-1.0,1.0,0.0,2.0,1.0,1.0,2.0,1.0,1.0,0,pairs,individual
8,Letizia Roscher / Luis Schuster,GER,1,85.47,40.75,44.72,0.0,5.0,3LoTh,2.0,gpcan2023,0.0,,3.79,-1.21,,1,,2324,-3.0,-2.0,-3.0,-2.0,-2.0,-2.0,-3.0,-3.0,-1.0,0,pairs,individual
8,Letizia Roscher / Luis Schuster,GER,1,85.47,40.75,44.72,0.0,3.1,2T+1Eu+2S,3.0,gpcan2023,0.0,,2.88,-0.22,,1,,2324,-2.0,-2.0,-1.0,-2.0,-1.0,-2.0,-2.0,-2.0,-1.0,0,pairs,individual
8,Letizia Roscher / Luis Schuster,GER,1,85.47,40.75,44.72,0.0,1.1,2A<<,4.0,gpcan2023,0.0,,0.6,-0.5,<<,1,,2324,-5.0,-5.0,-4.0,-4.0,-5.0,-5.0,-4.0,-5.0,-4.0,0,pairs,individual
8,Letizia Roscher / Luis Schuster,GER,1,85.47,40.75,44.72,0.0,6.2,5RLi2,5.0,gpcan2023,0.0,,6.47,0.27,,1,,2324,1.0,0.0,0.0,1.0,1.0,0.0,0.0,-2.0,1.0,0,pairs,individual
8,Letizia Roscher / Luis Schuster,GER,1,85.47,40.75,44.72,0.0,3.2,BoDsB,6.0,gpcan2023,0.0,,2.88,-0.32,,1,,2324,-1.0,0.0,0.0,-3.0,-1.0,-2.0,-2.0,-1.0,1.0,0,pairs,individual
8,Letizia Roscher / Luis Schuster,GER,1,85.47,40.75,44.72,0.0,2.63,PCoSp2V,7.0,gpcan2023,0.0,,2.59,-0.04,,1,,2324,0.0,0.0,1.0,0.0,0.0,-1.0,-1.0,-1.0,1.0,0,pairs,individual
8,Letizia Roscher / Luis Schuster,GER,1,85.47,40.75,44.72,0.0,3.0,ChSq1,8.0,gpcan2023,0.0,,3.21,0.21,,1,,2324,2.0,0.0,1.0,2.0,0.0,-1.0,0.0,-1.0,1.0,0,pairs,individual
8,Letizia Roscher / Luis Schuster,GER,1,85.47,40.75,44.72,0.0,4.4,3STh,9.0,gpcan2023,0.0,,4.09,-0.31,,1,,2324,-1.0,-1.0,-1.0,2.0,-1.0,-1.0,0.0,-2.0,0.0,0,pairs,individual
8,Letizia Roscher / Luis Schuster,GER,1,85.47,40.75,44.72,0.0,4.7,3Li3,10.0,gpcan2023,0.0,,4.43,-0.27,,1,,2324,1.0,-1.0,-1.0,1.0,-1.0,-1.0,-2.0,-2.0,1.0,0,pairs,individual
8,Letizia Roscher / Luis Schuster,GER,1,85.47,40.75,44.72,0.0,6.2,5ALi2,11.0,gpcan2023,0.0,,3.54,-2.66,,1,,2324,-3.0,-4.0,-5.0,-4.0,-4.0,-4.0,-5.0,-5.0,-4.0,0,pairs,individual
8,Letizia Roscher / Luis Schuster,GER,1,85.47,40.75,44.72,0.0,,,,gpcan2023,,2.67,5.71,,,0,Composition,2324,6.5,5.75,5.25,6.25,5.75,5.5,5.75,5.25,5.75,0,pairs,individual
8,Letizia Roscher / Luis Schuster,GER,1,85.47,40.75,44.72,0.0,,,,gpcan2023,,2.67,5.75,,,0,Skating Skills,2324,6.25,5.75,5.5,6.0,5.75,5.5,5.5,5.5,6.25,0,pairs,individual
